Northern_Ireland Minimum Temperature (Degrees C)
Areal series, starting from 1910
Allowances have been made for topographic, coastal and urban effects where relationships are found to exist.
Seasons: Winter=Dec-Feb, Spring=Mar-May, Summer=June-Aug, Autumn=Sept-Nov. (Winter: Year refers to Jan/Feb).
Monthly values are ranked and displayed to 1 dp and seasonal/annual values to 2 dp. Where values are equal, rankings are based in order of year descending.
All 2017 and 2018 data are provisional.  Last updated 1/2/2018.

     JAN  Year     FEB  Year     MAR  Year     APR  Year     MAY  Year     JUN  Year     JUL  Year     AUG  Year    SEP   Year     OCT  Year     NOV  Year     DEC  Year     WIN  Year     SPR  Year     SUM  Year     AUT  Year     ANN  Year
     3.8  1944     4.9  1998     5.4  1957     5.9  2011     7.7  2014    10.4  2005    12.2  2013    12.2  1997    10.6  2006     9.0  2001     6.0  1994     5.1  1934    3.51  1989    5.44  1945   10.93  2003    7.82  2011    6.20  2005
     3.6  1989     3.8  1961     5.1  1938     5.5  2014     7.5  1970    10.2  2016    12.1  2003    12.0  1995    10.4  1958     8.7  1969     5.7  2011     4.9  1988    3.27  1998    5.30  2014   10.90  1995    7.75  2001    6.15  1945
     3.5  1996     3.8  1945     5.0  1945     5.4  1943     7.4  2008    10.1  2004    11.9  1995    11.8  2004    10.2  2016     8.6  1968     5.7  2004     4.4  1954    3.12  1935    5.15  2017   10.85  2016    7.58  1978    6.13  1949
     3.4  1932     3.7  2012     4.7  1990     5.3  2007     7.4  1999    10.1  1970    11.9  1991    11.8  1955    10.1  1999     8.5  1978     5.5  2007     4.4  1953    2.95  2012    5.00  1992   10.82  2005    7.46  2006    6.12  2007
     3.1  2005     3.7  1993     4.5  1961     5.2  1949     7.4  1953    10.1  1966    11.8  1933    11.7  1990    10.1  1953     8.3  1995     5.1  1997     4.2  1931    2.92  1949    4.99  1999   10.79  2006    7.46  1958    6.05  1997
     3.1  2002     3.2  1926     4.3  2012     5.2  1944     7.3  2011    10.0  2017    11.7  2006    11.5  2016    10.1  1941     8.2  2006     5.1  1955     4.1  1974    2.89  1932    4.95  2011   10.74  2013    7.36  2007    6.04  1998
     3.1  1950     3.2  1918     4.3  1998     5.1  1945     7.3  1964     9.9  1992    11.7  1976    11.5  2008    10.0  2004     8.2  2005     5.0  2002     4.1  1921    2.88  1975    4.94  1998   10.62  1933    7.25  1995    6.02  2006
     3.0  2007     3.0  1946     4.1  2005     5.0  2017     7.2  1998     9.9  1976    11.5  1983    11.4  1983     9.9  2011     8.0  1977     5.0  2001     4.0  1956    2.85  2017    4.89  1952   10.61  2004    7.16  1945    6.02  2004
     3.0  1949     3.0  1943     3.9  1948     4.9  1937     7.1  1992     9.9  1960    11.4  2014    11.3  2013     9.9  1980     8.0  1959     5.0  1958     3.9  2015    2.83  1943    4.87  1960   10.49  1983    7.11  1953    6.01  2014
     3.0  1921     2.9  1939     3.8  2000     4.7  2009     7.1  1960     9.7  2014    11.4  2005    11.3  2012     9.9  1949     8.0  1921     5.0  1948     3.9  1971    2.77  1923    4.78  1990   10.44  1997    7.05  1999    6.00  2017
     2.9  2012     2.8  1949     3.7  1997     4.7  2004     6.9  2017     9.7  2010    11.4  1989    11.2  2006     9.8  2005     7.8  2011     5.0  1938     3.6  2016    2.57  2007    4.78  1961   10.42  1976    7.00  1949    5.99  2002
     2.9  1976     2.7  1923     3.7  1992     4.7  1999     6.9  1952     9.7  1950    11.3  2010    11.2  1991     9.7  1998     7.7  2013     4.9  1953     3.6  1983    2.56  1976    4.75  1997   10.40  1947    6.94  2004    5.95  1999
     2.9  1916     2.5  1928     3.5  2017     4.7  1997     6.8  2001     9.6  2007    11.3  1944    11.2  1975     9.7  1955     7.7  1971     4.9  1945     3.5  1945    2.53  2005    4.65  1957   10.33  1949    6.94  1968    5.82  2016
     2.8  1973     2.4  2011     3.5  1959     4.7  1993     6.8  1947     9.6  2003    11.2  1999    11.2  1947     9.6  1978     7.6  1989     4.8  2015     3.4  1924    2.50  1922    4.63  1959   10.31  1955    6.92  2005    5.82  1953
     2.8  1923     2.4  2002     3.4  1991     4.7  1987     6.7  1990     9.6  1993    11.2  1952    11.1  2003     9.6  1946     7.6  1949     4.8  1995     3.3  1997    2.48  1946    4.57  1943   10.28  2008    6.92  1946    5.80  2011
     2.6  2017     2.4  1999     3.3  1966     4.6  1933     6.6  1965     9.6  1947    11.1  2008    11.1  1949     9.6  1929     7.5  2017     4.6  1978     3.3  1977    2.40  2016    4.55  1991   10.26  2014    6.89  1921    5.76  1995
     2.6  1975     2.4  1966     3.3  1956     4.6  1926     6.6  1956     9.5  2006    11.1  1949    11.0  2002     9.5  1956     7.5  2009     4.6  1924     3.2  1918    2.40  1992    4.54  2002   10.24  1945    6.88  1951    5.70  1990
     2.6  1974     2.4  1953     3.3  1950     4.5  2003     6.5  2003     9.4  2002    11.1  1945    11.0  1916     9.4  2010     7.5  2007     4.6  1920     3.1  2013    2.40  1944    4.51  2009   10.20  2010    6.85  1947    5.70  1943
     2.6  1925     2.3  2017     3.2  1983     4.5  1952     6.5  1954     9.3  1933    11.1  1934    10.9  2009     9.4  2000     7.5  1990     4.5  1956     3.1  1991    2.39  1954    4.51  2007   10.20  1959    6.83  1948    5.69  1921
     2.5  1990     2.3  1921     3.2  1981     4.3  1964     6.4  2016     9.2  1988    11.0  1921    10.9  1959     9.4  1985     7.5  1947     4.5  1951     3.1  1942    2.28  1925    4.49  2005   10.18  2009    6.72  1997    5.66  2003
     2.5  1983     2.2  2000     3.2  1960     4.3  1955     6.4  2006     9.2  1984    10.9  2016    10.8  1999     9.3  2013     7.3  1996     4.4  1946     3.0  1932    2.27  2014    4.48  2004   10.16  2002    6.72  1994    5.65  1948
     2.4  2016     2.2  1995     3.2  1952     4.2  2002     6.4  2004     9.2  1982    10.9  2009    10.8  1984     9.3  1951     7.3  1954     4.4  1939     2.9  2006    2.23  2008    4.43  1964   10.16  1990    6.72  1956    5.54  2013
     2.4  1943     2.1  1990     3.1  1977     4.2  1992     6.4  2002     9.2  1940    10.9  1923    10.8  1969     9.3  1945     7.2  1979     4.4  1917     2.9  1975    2.21  1993    4.43  1933   10.13  1984    6.68  2009    5.53  1988
     2.4  1935     2.0  1992     3.1  1936     4.2  1961     6.4  1959     9.0  1986    10.8  1997    10.8  1936     9.2  2001     7.2  1965     4.2  2014     2.9  1948    2.21  1950    4.35  1993   10.13  1952    6.66  1955    5.53  1983
     2.3  2008     2.0  1971     3.1  1927     4.2  1960     6.4  1944     9.0  1963    10.8  1994    10.7  2005     9.2  1966     7.2  1945     4.2  1921     2.9  1922    2.16  1957    4.32  1949   10.11  1944    6.63  2014    5.52  1959
     2.3  1924     2.0  1967     3.0  2002     4.2  1948     6.4  1940     9.0  1941    10.8  1987    10.7  1996     9.2  1948     7.0  1999     4.1  1983     2.8  1987    2.13  2002    4.29  2003   10.10  2017    6.60  2013    5.51  1989
     2.2  2004     2.0  1959     3.0  1943     4.2  1940     6.4  1919     8.9  2000    10.8  1959    10.7  1945     9.2  1936     7.0  1963     4.1  1922     2.8  1947    2.10  1973    4.28  2008   10.09  1991    6.56  1971    5.50  2009
     2.2  1981     1.9  2009     2.9  1994     4.1  1988     6.4  1918     8.9  1959    10.8  1951    10.7  1933     9.2  1916     7.0  1958     4.0  2003     2.8  1910    2.04  1999    4.24  1944   10.07  2007    6.56  1938    5.49  1933
     2.2  1968     1.9  1975     2.9  1935     4.1  1946     6.4  1911     8.9  1945    10.7  1977    10.7  1918     9.0  2007     6.9  1975     4.0  1999     2.7  2004    2.04  1974    4.23  1948   10.07  1989    6.54  1959    5.47  1971
     2.2  1967     1.9  1948     2.9  1933     4.0  1995     6.3  2009     8.9  1934    10.7  1975    10.6  2007     9.0  1981     6.9  1951     4.0  1947     2.7  2002    2.04  1967    4.22  1938   10.02  1999    6.46  1989    5.47  1957
     2.2  1964     1.9  1920     2.9  1923     4.0  1985     6.3  1991     8.8  1995    10.7  1957    10.6  1998     9.0  1947     6.8  2014     4.0  1913     2.7  1955    1.98  1926    4.20  1988   10.01  1950    6.44  1941    5.46  1944
     2.2  1934     1.8  2014     2.8  2014     4.0  1959     6.2  1945     8.8  1953    10.7  1932    10.6  1958     8.9  2014     6.8  1985     3.9  1987     2.7  1941    1.94  1921    4.19  2012    9.97  1958    6.43  2002    5.44  2008
     2.0  2013     1.8  1997     2.8  1999     3.9  1996     6.2  1937     8.8  1949    10.7  1926    10.6  1944     8.9  2002     6.8  1970     3.8  2008     2.6  2007    1.93  2006    4.19  1981    9.91  1992    6.40  1913    5.44  2000
     2.0  2000     1.8  1989     2.8  1988     3.9  1991     6.2  1922     8.7  2009    10.7  1925    10.6  1942     8.9  1961     6.8  1962     3.7  2009     2.6  2005    1.91  1971    4.15  1940    9.89  1975    6.39  1920    5.44  1994
     2.0  1993     1.8  1976     2.8  1967     3.9  1980     6.1  2007     8.7  1965    10.6  1958    10.5  1989     8.8  2009     6.8  1946     3.7  1981     2.6  1994    1.90  1995    4.14  1956    9.89  1932    6.38  1970    5.43  2012
     2.0  1992     1.8  1974     2.7  1926     3.9  1912     6.1  1989     8.7  1958    10.6  1941    10.5  1973     8.8  1973     6.7  2016     3.7  1980     2.6  1985    1.86  1981    4.13  1950    9.85  2012    6.37  2015    5.41  2001
     2.0  1926     1.8  1962     2.6  1993     3.8  2005     6.1  1981     8.7  1955    10.5  1990    10.5  1957     8.8  1970     6.7  1972     3.7  1943     2.6  1951    1.86  1948    4.10  1912    9.85  1998    6.35  2017    5.41  1958
     1.9  2006     1.8  1935     2.6  1954     3.8  1982     6.1  1931     8.7  1943    10.5  1973    10.5  1952     8.8  1917     6.7  1913     3.6  2006     2.6  1949    1.86  1934    4.06  2000    9.84  2000    6.34  1998    5.37  1964
     1.9  1971     1.8  1922     2.6  1912     3.8  1975     6.1  1917     8.7  1935    10.5  1969    10.5  1911     8.7  2003     6.7  1910     3.6  1931     2.4  1998    1.83  2000    4.02  1954    9.83  1953    6.34  1916    5.37  1954
     1.8  2014     1.8  1913     2.5  2009     3.8  1914     6.0  1995     8.7  1931    10.5  1964    10.4  1981     8.7  1997     6.6  1925     3.6  1916     2.4  1980    1.83  1990    4.01  1926    9.82  1970    6.32  2016    5.35  1992
     1.8  1998     1.7  2008     2.4  2016     3.7  1963     5.9  2012     8.6  2013    10.5  1930    10.4  1980     8.7  1964     6.6  1920     3.5  1989     2.4  1957    1.82  1972    3.98  1939    9.81  1996    6.25  1983    5.32  1934
     1.8  1954     1.7  2007     2.4  2004     3.6  1976     5.9  1939     8.6  1964    10.4  2001    10.4  1978     8.7  1938     6.5  1928     3.5  1970     2.3  2011    1.80  1928    3.93  1966    9.80  1934    6.24  1980    5.30  1991
     1.8  1953     1.7  2005     2.4  1949     3.6  1972     5.9  1933     8.6  1954    10.4  1998    10.4  1948     8.7  1933     6.4  1997     3.5  1968     2.3  1972    1.80  1924    3.76  2016    9.79  1925    6.11  1963    5.30  1978
     1.7  1927     1.7  1982     2.4  1939     3.6  1942     5.8  1997     8.6  1952    10.4  1996    10.4  1937     8.6  1996     6.4  1941     3.5  1964     2.3  1943    1.78  1913    3.75  1994    9.77  1973    6.11  1943    5.29  1975
     1.6  1938     1.7  1964     2.4  1928     3.6  1939     5.8  1986     8.6  1932    10.4  1992    10.4  1917     8.6  1995     6.3  1994     3.5  1949     2.3  1912    1.77  2004    3.74  1976    9.76  1936    6.08  1979    5.29  1938
     1.6  1937     1.7  1938     2.3  1978     3.6  1930     5.8  1980     8.6  1925    10.4  1986    10.3  2001     8.6  1988     6.3  1957     3.5  1928     2.2  1967    1.76  1988    3.71  1995    9.73  1988    6.05  1969    5.25  1956
     1.5  1997     1.7  1929     2.2  2007     3.5  1967     5.8  1978     8.5  1998    10.4  1985    10.3  2000     8.6  1983     6.3  1953     3.4  1971     2.1  2017    1.75  1927    3.70  2006    9.72  2001    5.99  1996    5.25  1947
     1.5  1969     1.7  1914     2.1  1996     3.5  1947     5.8  1976     8.5  1983    10.4  1979    10.3  1953     8.6  1971     6.3  1948     3.4  1960     2.1  1986    1.73  2003    3.69  1987    9.71  1941    5.93  1990    5.24  1946
     1.5  1922     1.6  1980     2.1  1963     3.5  1915     5.8  1974     8.5  1980    10.4  1956    10.3  1932     8.6  1968     6.3  1943     3.4  1937     2.1  1984    1.68  1914    3.69  1928    9.70  1994    5.93  1962    5.24  1926
     1.3  2018     1.6  1934     2.1  1921     3.4  2008     5.8  1950     8.5  1961    10.4  1955    10.3  1927     8.6  1967     6.3  1914     3.3  1998     2.1  1936    1.63  1937    3.67  1927    9.70  1957    5.91  1961    5.23  1976
     1.3  2003     1.6  1927     2.0  1989     3.4  1958     5.8  1932     8.5  1948    10.4  1950    10.2  1987     8.6  1939     6.2  1986     3.3  1992     2.1  1928    1.63  1911    3.66  1965    9.69  1982    5.91  1960    5.22  1961
     1.3  1999     1.4  1924     1.9  2008     3.4  1957     5.8  1912     8.5  1937    10.4  1947    10.2  1935     8.6  1926     6.2  1960     3.3  1986     2.1  1913    1.62  1953    3.66  1931    9.68  1981    5.89  1933    5.18  1993
     1.3  1994     1.3  1988     1.9  2003     3.4  1931     5.7  2013     8.5  1924    10.4  1931    10.2  1926     8.5  1976     6.2  1956     3.3  1963     2.0  2003    1.54  1958    3.65  1963    9.67  1960    5.87  1964    5.16  1966
     1.3  1957     1.3  1984     1.9  1968     3.3  2010     5.7  2000     8.5  1910    10.4  1911    10.1  1971     8.5  1969     6.2  1933     3.3  1932     2.0  2000    1.51  1964    3.64  1935    9.66  1948    5.86  1929    5.14  2015
     1.3  1914     1.3  1958     1.8  1976     3.3  1998     5.7  1993     8.4  2012    10.3  2017    10.1  1930     8.5  1959     6.2  1927     3.2  1957     1.9  1970    1.45  1966    3.62  1967    9.64  1926    5.86  1924    5.14  1973
     1.3  1913     1.3  1940     1.8  1946     3.3  1984     5.7  1988     8.4  2001    10.3  2000    10.0  2017     8.5  1915     6.2  1916     3.2  1912     1.9  1966    1.43  1997    3.61  2001    9.63  1942    5.85  2003    5.14  1960
     1.2  1988     1.3  1912     1.8  1940     3.3  1981     5.6  1971     8.4  1981    10.3  1984    10.0  1988     8.5  1913     6.1  2015     3.1  1962     1.9  1926    1.42  1984    3.54  1937    9.63  1937    5.85  1957    5.13  1967
     1.2  1966     1.2  2006     1.8  1925     3.3  1965     5.6  1966     8.4  1944    10.3  1953    10.0  1970     8.4  2017     6.1  1988     3.1  1959     1.8  1959    1.42  1929    3.53  1982    9.60  1969    5.83  1975    5.11  1980
     1.2  1928     1.1  2004     1.8  1910     3.2  2006     5.6  1961     8.4  1920    10.3  1927    10.0  1951     8.4  1984     6.1  1983     3.1  1934     1.8  1944    1.40  2013    3.53  1946    9.59  1964    5.83  1954    5.11  1970
     1.2  1912     1.1  2003     1.7  2015     3.2  2001     5.6  1936     8.4  1912    10.2  2002    10.0  1943     8.4  1930     6.1  1961     3.0  2017     1.8  1930    1.37  1912    3.52  1970    9.58  1930    5.80  2000    5.11  1932
     1.2  1911     1.1  1973     1.7  1971     3.2  1950     5.6  1930     8.3  1996    10.2  1981    10.0  1940     8.4  1921     6.1  1930     3.0  1990     1.7  2014    1.36  1933    3.51  1911    9.56  1911    5.70  1977    5.10  1996
     1.0  1951     1.1  1972     1.7  1964     3.1  1971     5.6  1928     8.3  1994    10.2  1967    10.0  1939     8.3  2008     6.0  1998     3.0  1979     1.7  1979    1.33  1961    3.50  1980    9.55  1980    5.69  1939    5.10  1955
     1.0  1946     1.1  1957     1.6  2011     3.1  1935     5.6  1913     8.3  1973    10.2  1946    10.0  1929     8.3  1989     6.0  1938     3.0  1975     1.7  1973    1.31  1919    3.49  1978    9.54  1993    5.67  1928    5.09  1950
     1.0  1942     1.1  1937     1.6  1982     3.1  1928     5.5  2005     8.3  1942    10.2  1936    10.0  1925     8.3  1943     5.9  1991     3.0  1929     1.7  1933    1.28  1978    3.46  1977    9.54  1935    5.66  1991    5.09  1939
     0.9  1995     1.0  1944     1.6  1973     3.1  1923     5.5  1973     8.3  1936    10.2  1917    10.0  1914     8.2  2015     5.9  1950     3.0  1927     1.7  1929    1.28  1918    3.46  1971    9.53  1966    5.66  1988    5.04  1952
     0.9  1958     0.9  1981     1.6  1942     3.0  1994     5.5  1969     8.3  1921    10.2  1914     9.9  1994     8.2  2012     5.7  1967     2.9  1991     1.7  1927    1.23  1938    3.42  1972    9.52  1951    5.66  1930    5.02  1931
     0.9  1948     0.9  1952     1.5  2006     3.0  1990     5.5  1934     8.2  1997    10.1  1982     9.9  1950     8.2  1991     5.6  1940     2.9  1982     1.6  1923    1.22  1939    3.42  1930    9.50  1987    5.65  2008    5.01  1951
     0.9  1930     0.9  1932     1.5  1974     3.0  1977     5.5  1925     8.2  1990    10.1  1971     9.9  1910     8.2  1934     5.5  2010     2.8  2005     1.6  1911    1.20  1920    3.40  1942    9.50  1921    5.60  1914    4.99  1928
     0.8  1960     0.8  2016     1.5  1931     3.0  1954     5.4  2015     8.2  1989    10.1  1948     9.8  2015     8.1  1982     5.5  2000     2.8  1961     1.5  1993    1.19  1916    3.40  1936    9.50  1917    5.59  1927    4.99  1924
     0.7  1970     0.8  2015     1.5  1929     3.0  1927     5.4  2010     8.2  1979    10.0  2007     9.8  1982     8.1  1960     5.5  1984     2.8  1954     1.5  1958    1.17  1942    3.37  1985    9.49  1943    5.58  1934    4.97  1913
     0.7  1956     0.8  2013     1.5  1918     2.9  1966     5.4  1987     8.2  1978    10.0  2004     9.7  2014     8.1  1957     5.5  1982     2.8  1944     1.4  2012    1.12  1994    3.37  1953    9.46  1914    5.54  1922    4.96  1981
     0.7  1919     0.8  1950     1.4  1972     2.9  1911     5.4  1949     8.2  1968    10.0  1993     9.7  1967     8.1  1950     5.5  1952     2.8  1933     1.4  1978    1.10  1945    3.35  1918    9.45  1931    5.52  1985    4.96  1927
     0.7  1918     0.8  1933     1.4  1941     2.8  1968     5.4  1943     8.2  1938    10.0  1988     9.7  1964     8.1  1942     5.5  1936     2.7  2013     1.3  1999    1.09  1952    3.31  1989    9.40  1978    5.52  1984    4.93  1982
     0.6  2015     0.8  1911     1.4  1920     2.7  1979     5.4  1920     8.2  1914    10.0  1939     9.6  1976     8.1  1935     5.4  2002     2.7  1984     1.3  1968    1.08  1996    3.31  1973    9.40  1923    5.50  1982    4.90  1942
     0.6  1929     0.7  1977     1.2  1986     2.7  1973     5.4  1910     8.1  2008    10.0  1929     9.6  1963     8.0  1979     5.4  1964     2.7  1941     1.3  1962    1.04  2015    3.29  1983    9.37  1940    5.50  1973    4.89  1937
     0.6  1920     0.7  1954     1.2  1984     2.7  1913     5.3  1994     8.1  1923    10.0  1928     9.6  1924     8.0  1920     5.4  1942     2.6  2012     1.2  1919    1.03  1983    3.29  1947    9.33  1963    5.50  1967    4.87  1930
     0.5  2009     0.7  1925     1.2  1944     2.6  2015     5.3  1983     8.0  1999     9.9  1960     9.5  2011     7.9  1963     5.4  1934     2.6  1940     1.1  1996    0.98  1955    3.25  1974    9.29  1939    5.43  1936    4.87  1929
     0.5  1982     0.6  1994     1.2  1932     2.6  2013     5.3  1982     8.0  1946     9.9  1942     9.5  2010     7.9  1962     5.3  1976     2.6  1914     1.1  1992    0.97  1968    3.23  2015    9.29  1924    5.41  1917    4.86  1935
     0.5  1978     0.6  1985     1.2  1915     2.6  2000     5.3  1972     8.0  1930     9.9  1937     9.5  1941     7.9  1914     5.3  1973     2.5  2000     1.1  1969    0.95  2009    3.22  1996    9.29  1918    5.39  1976    4.86  1925
     0.5  1972     0.5  1931     1.2  1913     2.6  1921     5.3  1924     8.0  1915     9.8  2012     9.4  1992     7.8  1994     5.3  1955     2.5  1973     1.0  1990    0.95  1931    3.21  1923    9.23  1967    5.33  1966    4.85  1987
     0.5  1962     0.3  2001     1.2  1911     2.6  1920     5.2  1955     7.9  2015     9.8  1924     9.4  1965     7.8  1937     5.3  1944     2.4  1972     1.0  1940    0.89  1980    3.20  1914    9.21  1979    5.31  1965    4.85  1977
     0.5  1947     0.3  1910     1.1  1995     2.6  1919     5.2  1938     7.9  1926     9.8  1916     9.4  1961     7.8  1910     5.3  1924     2.4  1930     1.0  1939    0.85  2001    3.19  1913    9.20  1929    5.29  2010    4.83  1984
     0.5  1910     0.2  1965     1.1  1985     2.5  2016     5.2  1929     7.9  1917     9.7  1980     9.4  1954     7.7  1987     5.2  2004     2.3  1976     0.9  2001    0.76  1956    3.16  1921    9.19  1971    5.26  1987    4.83  1914
     0.4  1961     0.0  1978     1.1  1965     2.5  1956     5.2  1916     7.8  1967     9.7  1943     9.4  1938     7.7  1977     5.1  1980     2.3  1967     0.9  1989    0.68  1930    3.14  1920    9.18  1954    5.26  1986    4.82  1968
     0.4  1931     0.0  1936     1.1  1930     2.5  1929     5.1  1985     7.8  1957     9.7  1935     9.4  1934     7.7  1924     5.1  1923     2.3  1911     0.9  1965    0.66  1960    3.08  1925    9.13  1910    5.26  1981    4.82  1936
     0.2  2001    -0.1  1919     1.0  1987     2.4  2012     5.1  1963     7.8  1951     9.6  2015     9.4  1915     7.6  1975     5.1  1922     2.2  1993     0.9  1915    0.65  1987    3.08  1915    9.11  2015    5.24  1937    4.82  1911
     0.2  1986    -0.2  1987     0.9  2001     2.4  1974     5.1  1957     7.8  1939     9.6  1978     9.3  1985     7.6  1944     5.0  1966     2.2  1988     0.8  1964    0.55  1959    3.07  2010    9.10  1986    5.23  1944    4.81  1918
     0.2  1939    -0.2  1983     0.9  1975     2.4  1970     5.1  1914     7.8  1918     9.6  1974     9.3  1974     7.5  1993     5.0  1929     2.2  1942     0.8  1925    0.48  1962    3.07  1929    9.09  1916    5.20  1942    4.79  1974
     0.2  1933    -0.2  1942     0.9  1934     2.4  1916     5.0  1942     7.8  1913     9.6  1966     9.2  1977     7.5  1932     5.0  1911     2.2  1926     0.7  1982    0.39  1970    3.07  1910    9.07  1946    5.15  1931    4.77  1923
     0.2  1915    -0.2  1917     0.9  1922     2.3  1978     4.9  1962     7.7  1956     9.5  2011     9.2  1960     7.5  1927     4.9  2003     2.2  1918     0.7  1963    0.37  1986    2.99  1968    9.04  1961    5.12  1925    4.76  1941
     0.1  1955    -0.4  1951     0.8  1980     2.3  1962     4.9  1935     7.7  1919     9.5  1972     9.2  1931     7.5  1911     4.9  1915     2.1  2016     0.7  1952    0.36  1969    2.94  1932    9.00  1938    5.11  1972    4.73  1940
     0.1  1917    -0.4  1916     0.8  1958     2.3  1951     4.9  1927     7.7  1911     9.5  1954     9.2  1921     7.4  1992     4.8  2008     2.0  1952     0.7  1938    0.30  1940    2.92  1955    8.99  1977    5.11  1932    4.73  1920
     0.0  1991    -0.5  1941     0.7  1953     2.3  1938     4.8  1926     7.6  2011     9.4  1963     9.2  1919     7.4  1954     4.7  1935     1.9  1996     0.6  2008    0.28  1982    2.89  1975    8.96  1985    5.10  1950    4.73  1916
    -0.1  1987    -0.7  1996     0.7  1951     2.2  1941     4.7  1946     7.6  1975     9.4  1938     9.1  1968     7.4  1922     4.6  1931     1.8  1974     0.6  1920    0.28  1965    2.89  1958    8.90  2011    5.04  1940    4.62  1912
    -0.1  1965    -0.7  1979     0.7  1914     2.2  1934     4.7  1921     7.6  1929     9.3  1970     9.1  1962     7.3  1990     4.5  1937     1.8  1966     0.4  1937    0.11  1991    2.86  1934    8.90  1965    4.99  2012    4.61  1969
    -0.1  1936    -0.7  1960     0.6  1970     2.2  1918     4.6  1967     7.5  1922     9.3  1962     9.1  1923     7.3  1965     4.5  1932     1.8  1935     0.3  1995    0.08  1985    2.77  2013    8.89  1956    4.94  1910    4.61  1910
    -0.3  2011    -0.7  1930     0.6  1917     2.0  1969     4.6  1948     7.4  1987     9.3  1918     9.0  1993     7.3  1931     4.5  1919     1.7  1925     0.3  1946    0.02  1917    2.72  1986    8.87  1927    4.92  1911    4.57  1965
    -0.3  1952    -0.7  1915     0.5  2010     2.0  1953     4.6  1915     7.4  1974     9.2  1961     9.0  1979     7.0  1940     4.4  1918     1.6  1936     0.2  1917   -0.07  1951    2.72  1984    8.84  1915    4.88  1935    4.55  1985
    -0.5  1977    -0.8  1991     0.3  1924     2.0  1910     4.5  1958     7.4  1969     9.1  1915     9.0  1946     7.0  1928     4.3  1974     1.4  1977     0.1  1916   -0.11  1936    2.62  1919    8.78  1974    4.85  1926    4.52  1972
    -0.6  1984    -0.8  1970     0.2  1979     1.9  1925     4.4  1951     7.4  1962     8.9  1940     8.9  1972     7.0  1925     4.2  2012     1.3  1965     0.1  1914   -0.11  1915    2.58  1941    8.67  1968    4.77  1915    4.52  1922
    -0.6  1980    -1.3  2010     0.1  1916     1.8  1989     4.2  1977     7.3  1971     8.9  1913     8.9  1966     6.9  1923     4.2  1987     1.2  1950     0.0  1960   -0.17  1977    2.55  1916    8.64  1962    4.72  1992    4.47  1962
    -1.2  2010    -1.3  1956     0.0  2013     1.7  1932     4.2  1968     7.1  1991     8.9  1910     8.8  1928     6.8  1912     4.1  1939     1.0  2010    -0.2  1935   -0.33  1941    2.47  1951    8.61  1928    4.65  1912    4.42  1963
    -1.4  1940    -1.6  1968    -0.3  1969     1.6  1924     4.2  1941     7.1  1985     8.7  1968     8.8  1913     6.5  1974     4.0  1912     0.9  1969    -0.6  2009   -0.49  1947    2.44  1917    8.51  1913    4.64  1952    4.37  1917
    -1.6  1941    -1.8  1955    -0.3  1937     1.5  1936     4.0  1975     7.0  1977     8.7  1912     8.7  1922     6.4  1952     3.7  1926     0.9  1915    -0.7  1976   -0.67  1979    2.42  1969    8.47  1919    4.39  1993    4.34  1986
    -1.7  1959    -1.9  1986    -0.5  1947     1.3  1983     3.7  1984     7.0  1928     8.6  1965     8.5  1956     6.4  1919     3.5  1993     0.3  1985    -0.8  1961   -0.77  2011    2.38  1924    8.38  1920    4.25  1974    4.25  1979
    -2.1  1945    -1.9  1969    -0.7  1955     1.0  1986     3.6  1996     6.5  1916     8.5  1919     8.3  1920     6.3  1986     3.4  1992     0.2  1923    -0.8  1950   -1.02  2010    2.32  1922    8.25  1972    4.20  1918    4.24  1915
    -2.4  1985    -2.4  1963    -1.0  1962     0.5  1917     3.6  1979     6.2  1972     8.4  1920     7.9  1986     6.3  1972     3.1  1981     0.2  1910    -1.2  1981   -1.30  1963    2.19  1979    8.12  1922    4.07  1923    4.11  2010
    -2.7  1979    -2.5  1947    -1.2  1919    -0.3  1922     3.6  1923     5.9  1927     8.2  1922     7.2  1912     6.0  1918     3.1  1917    -0.6  1919    -4.2  2010                  2.06  1962    8.08  1912    3.45  1919    3.80  1919
    -3.0  1963
