Northern_Ireland Mean Temperature (Degrees C)
Areal series, starting from 1910
Allowances have been made for topographic, coastal and urban effects where relationships are found to exist.
Seasons: Winter=Dec-Feb, Spring=Mar-May, Summer=June-Aug, Autumn=Sept-Nov. (Winter: Year refers to Jan/Feb).
Monthly values are ranked and displayed to 1 dp and seasonal/annual values to 2 dp. Where values are equal, rankings are based in order of year descending.
All 2017 and 2018 data are provisional.  Last updated 1/2/2018.

     JAN  Year     FEB  Year     MAR  Year     APR  Year     MAY  Year     JUN  Year     JUL  Year     AUG  Year    SEP   Year     OCT  Year     NOV  Year     DEC  Year     WIN  Year     SPR  Year     SUM  Year     AUT  Year     ANN  Year
     6.4  1989     7.5  1998     8.5  1938    10.6  2011    12.3  2008    14.6  1970    17.0  2013    17.1  1995    14.2  2006    11.9  1969     8.8  1994     7.2  1988    6.24  1989    9.21  2017   15.46  1995   10.82  2006    9.77  2007
     6.2  1944     6.8  1945     8.2  1957    10.2  2007    12.1  2017    14.4  1940    16.7  2006    16.6  1947    13.9  1949    11.7  2001     8.7  2011     7.2  1934    5.97  1998    9.13  1945   15.16  2006   10.81  2011    9.64  2006
     6.2  1932     6.6  1961     8.2  1945     9.6  2014    11.8  1960    14.3  2010    16.5  1983    16.1  1997    13.9  1941    11.5  2006     8.1  2007     6.9  2015    5.67  1943    9.08  2014   15.03  2013   10.71  2001    9.59  2014
     6.2  1916     6.2  2012     8.1  2012     9.3  1944    11.6  2001    14.3  1976    16.3  1989    16.1  1955    13.6  2016    11.4  1995     7.9  2015     6.8  1953    5.67  1935    9.07  2011   15.02  1976   10.58  2007    9.58  2005
     6.1  2002     6.0  1993     8.1  1961     9.2  1943    11.6  1953    14.3  1960    15.9  1995    15.9  1983    13.6  1958    11.4  1968     7.9  2004     6.7  1974    5.65  1975    8.97  2007   14.99  1983   10.47  1978    9.57  1949
     6.0  2007     6.0  1943     7.9  1948     9.0  2003    11.5  1959    14.2  2016    15.7  2014    15.7  1975    13.5  1929    11.3  1959     7.9  1948     6.7  1921    5.62  2017    8.74  1960   14.95  2003   10.46  1995    9.53  1997
     6.0  1921     5.9  1918     7.5  1990     8.9  1945    11.4  1992    14.2  2006    15.7  1934    15.6  2003    13.4  1999    11.2  1978     7.8  2001     6.4  2016    5.58  2007    8.74  1959   14.61  2016   10.35  1945    9.47  1945
     5.9  2005     5.8  2011     7.3  2005     8.8  1955    11.4  1990    14.2  1992    15.7  1921    15.3  2004    13.3  2014    11.2  1921     7.8  1997     6.4  1971    5.56  1949    8.71  1999   14.60  1975   10.32  1958    9.46  2017
     5.7  1949     5.8  1926     7.2  2017     8.7  2009    11.4  1964    14.1  2005    15.6  2003    15.3  1984    13.3  2005    11.1  2005     7.7  2002     6.4  1954    5.55  2012    8.70  1990   14.58  1955   10.28  2014    9.43  2004
     5.5  2012     5.7  1949     7.2  1998     8.7  1949    11.3  2014    14.0  1950    15.6  1991    15.3  1976    13.3  1959    11.0  2007     7.6  1938     6.3  1983    5.53  1932    8.68  1961   14.56  1947   10.25  1949    9.40  2003
     5.5  1923     5.7  1939     7.2  1997     8.6  1987    11.3  1999    13.9  2004    15.5  1999    15.1  2012    13.3  1953    10.9  1971     7.5  1995     6.2  1931    5.46  2008    8.67  1952   14.54  2005   10.24  1959    9.40  2002
     5.4  1990     5.6  2002     7.1  1950     8.5  1999    11.3  1970    13.8  2017    15.5  1976    15.1  1990    13.2  1955    10.8  2017     7.5  1978     6.1  1956    5.40  2005    8.66  1997   14.53  1933   10.19  2005    9.36  2011
     5.4  1975     5.5  2008     7.0  2000     8.5  1997    11.3  1919    13.8  2014    15.5  1955    15.0  2016    13.1  2004    10.8  2013     7.5  1955     6.1  1942    5.35  2016    8.63  2003   14.43  1949   10.17  1971    9.35  1921
     5.4  1974     5.4  1928     6.8  2002     8.5  1952    11.2  2016    13.8  1949    15.5  1933    15.0  2013    13.1  1998    10.8  1977     7.5  1953     6.1  1924    5.33  1923    8.56  1948   14.41  1984   10.11  1999    9.34  1995
     5.3  1996     5.4  1923     6.8  1959     8.4  2004    11.2  1952    13.6  2009    15.1  1975    15.0  1991    13.1  1971    10.7  2011     7.5  1945     6.0  1945    5.26  1922    8.54  1943   14.37  1997   10.11  1921    9.32  2016
     5.3  1983     5.3  2017     6.7  2003     8.4  1960    11.1  1998    13.6  2003    15.0  2005    15.0  1959    13.1  1945    10.7  2009     7.5  1920     6.0  1918    5.23  2002    8.50  2002   14.37  1989   10.07  1947    9.32  1959
     5.3  1976     5.3  2000     6.7  1991     8.4  1926    11.0  1947    13.6  1966    14.9  2010    15.0  1916    13.0  2011    10.7  1947     7.4  1958     5.9  2013    5.15  1992    8.49  2009   14.37  1959   10.06  1953    9.31  1999
     5.3  1950     5.3  1953     6.6  1992     8.4  1914    11.0  1911    13.5  2007    14.9  1997    15.0  1911    13.0  2000    10.5  1949     7.4  1939     5.9  1997    5.12  1976    8.46  2004   14.35  2004    9.98  1997    9.31  1998
     5.2  2008     5.3  1946     6.6  1966     8.3  2017    10.9  2004    13.5  1988    14.9  1977    14.9  2002    13.0  1980    10.5  1945     7.3  1924     5.8  2004    5.05  2014    8.46  1957   14.30  2014    9.97  2009    9.19  1953
     5.2  1925     5.3  1920     6.5  1981     8.3  1993    10.9  1940    13.4  1959    14.9  1926    14.9  1933    12.9  1991    10.4  1989     7.2  2014     5.7  2007    5.04  1944    8.45  2008   14.25  2009    9.95  1941    9.17  1990
     5.1  2017     5.2  1997     6.5  1943     8.3  1946    10.9  1922    13.3  1995    14.8  1990    14.8  2000    12.9  1985    10.3  2014     7.2  2003     5.6  2006    5.04  1925    8.44  1992   14.21  2010    9.92  1968    9.17  1943
     5.1  1981     5.2  1992     6.5  1929     8.3  1933    10.8  1989    13.3  1982    14.8  1984    14.8  1944    12.9  1933    10.3  1996     7.2  1917     5.6  1991    5.00  1974    8.37  2012   14.03  2017    9.91  1948    9.10  1989
     5.0  2016     5.2  1959     6.4  1999     8.2  1948    10.7  2011    13.3  1963    14.8  1949    14.7  1936    12.8  2010    10.2  1990     7.2  1913     5.6  1977    4.98  1957    8.37  1998   14.01  2000    9.90  1994    9.08  2009
     5.0  1993     5.2  1921     6.4  1956     8.1  2010    10.7  2007    13.3  1957    14.8  1923    14.6  2008    12.8  2002    10.2  1979     7.1  1983     5.5  1998    4.98  1946    8.27  1938   14.01  1911    9.88  1951    9.08  1983
     5.0  1973     5.2  1914     6.4  1933     8.1  2002    10.7  2000    13.3  1941    14.8  1911    14.6  2006    12.8  1966    10.2  1965     7.1  1951     5.5  1994    4.92  1999    8.26  2005   13.99  2008    9.88  1913    9.06  2008
     5.0  1934     5.1  2007     6.3  2014     8.1  1982    10.7  1956    13.2  1934    14.7  2008    14.6  1949    12.8  1947    10.2  1954     7.0  1999     5.5  1987    4.91  1993    8.21  1944   13.99  1934    9.85  2015    9.05  1971
     4.9  1943     5.1  1999     6.3  2009     8.1  1912    10.7  1918    13.2  1933    14.7  1959    14.6  1937    12.7  2013    10.1  1963     7.0  1946     5.5  1932    4.91  1921    8.19  1933   13.97  1990    9.82  2004    9.01  2000
     4.8  2004     5.1  1995     6.3  1952     8.0  1995    10.6  2002    13.1  1993    14.7  1952    14.5  2009    12.7  2003    10.1  1913     6.8  2006     5.5  1912    4.86  2006    8.09  1991   13.93  1999    9.79  2013    9.01  1975
     4.8  2000     5.1  1990     6.3  1927     8.0  1980    10.6  1980    13.1  1986    14.6  2016    14.5  2005    12.7  1996    10.0  2016     6.8  1981     5.4  1975    4.82  2004    8.05  1950   13.90  1991    9.76  1955    9.01  1948
     4.8  1964     5.0  1989     6.2  1983     8.0  1961    10.6  1978    13.1  1984    14.6  2009    14.5  1981    12.7  1978    10.0  1999     6.8  1964     5.4  1972    4.82  1973    8.05  1949   13.89  1970    9.76  1938    8.99  2013
     4.8  1935     5.0  1971     6.2  1977     8.0  1942    10.5  2012    13.1  1947    14.6  1994    14.5  1945    12.7  1936    10.0  1985     6.8  1956     5.4  1941    4.82  1950    8.04  1981   13.87  1945    9.76  1920    8.92  2001
     4.8  1926     5.0  1935     6.2  1935     7.9  1988    10.5  2009    13.1  1932    14.6  1982    14.4  1973    12.6  2001    10.0  1972     6.7  2009     5.4  1910    4.80  1995    8.03  2000   13.86  1950    9.74  2002    8.91  2012
     4.8  1924     4.9  1922     6.1  2007     7.9  1984    10.5  1937    13.0  2013    14.5  1987    14.4  1926    12.6  1981    10.0  1962     6.7  1947     5.3  2005    4.80  1913    8.01  1912   13.86  1921    9.59  1998    8.91  1957
     4.7  2006     4.9  1913     6.1  2004     7.9  1964    10.4  2006    13.0  1975    14.5  1971    14.3  2001    12.6  1961    10.0  1958     6.7  1931     5.3  1985    4.74  1967    8.00  1956   13.85  2007    9.58  1946    8.89  1933
     4.7  1971     4.8  1982     6.1  1936     7.9  1937    10.4  1950    13.0  1973    14.5  1969    14.3  1999    12.6  1956    10.0  1951     6.7  1921     5.3  1955    4.72  1981    7.99  1964   13.85  1982    9.57  2016    8.84  1944
     4.7  1968     4.8  1975     6.1  1923     7.8  2005    10.3  1997    13.0  1968    14.5  1945    14.3  1970    12.6  1951    10.0  1920     6.6  1928     5.3  1948    4.71  1990    7.97  1988   13.83  1973    9.52  1956    8.84  1938
     4.7  1967     4.8  1974     6.0  2016     7.8  1974    10.3  1991    13.0  1921    14.5  1944    14.3  1969    12.6  1926    10.0  1910     6.6  1922     5.2  1980    4.71  1971    7.96  1993   13.83  1944    9.50  1983    8.83  2015
     4.7  1938     4.8  1967     6.0  2011     7.8  1959    10.3  1965    12.9  1943    14.5  1917    14.3  1935    12.5  2009     9.9  1975     6.5  2008     5.1  1951    4.71  1954    7.96  1940   13.82  1926    9.49  2017    8.83  1988
     4.6  1998     4.8  1938     6.0  1994     7.7  2015    10.3  1945    12.8  2002    14.4  2017    14.3  1914    12.5  2007     9.9  1941     6.5  1986     5.1  1949    4.70  2000    7.87  2016   13.79  1932    9.49  1989    8.80  1934
     4.6  1992     4.8  1927     6.0  1960     7.7  1996    10.3  1944    12.8  2000    14.4  2000    14.2  1998    12.5  1973     9.8  2015     6.5  1971     5.1  1922    4.66  1911    7.85  1939   13.78  1940    9.43  1916    8.76  1976
     4.6  1957     4.7  2014     5.9  1963     7.7  1985    10.3  1939    12.8  1953    14.3  2001    14.2  1939    12.5  1964     9.8  1927     6.4  1987     5.0  2011    4.65  1926    7.77  1982   13.77  2002    9.42  2003    8.75  1991
     4.5  2014     4.7  2009     5.9  1912     7.7  1976    10.2  2003    12.8  1930    14.3  1958    14.2  1918    12.5  1946     9.7  1997     6.4  1963     5.0  2003    4.57  1934    7.76  1946   13.77  1992    9.41  1970    8.74  1926
     4.5  1937     4.7  1980     5.8  1993     7.7  1957    10.2  1988    12.8  1925    14.3  1943    14.1  2007    12.5  1938     9.7  1970     6.4  1943     5.0  1984    4.54  1972    7.69  1926   13.76  1969    9.39  1979    8.72  1994
     4.5  1928     4.7  1962     5.8  1988     7.7  1940    10.1  1954    12.7  1989    14.3  1935    14.1  1996    12.5  1917     9.7  1943     6.3  1998     4.9  2002    4.54  1914    7.68  1953   13.69  1952    9.36  1969    8.71  1961
     4.4  2013     4.7  1934     5.8  1949     7.6  1981    10.1  1917    12.7  1965    14.3  1925    14.1  1989    12.5  1916     9.7  1925     6.3  1992     4.9  1986    4.53  1937    7.67  2010   13.68  1960    9.35  1996    8.71  1960
     4.3  1953     4.6  2004     5.8  1926     7.6  1975    10.0  2010    12.7  1939    14.2  1996    14.1  1980    12.4  1997     9.7  1914     6.3  1980     4.9  1957    4.51  1988    7.61  1954   13.68  1925    9.34  1963    8.70  1992
     4.3  1927     4.6  1976     5.7  1989     7.6  1939    10.0  1981    12.6  2008    14.2  1951    14.1  1942    12.4  1995     9.5  1994     6.3  1970     4.9  1947    4.51  1920    7.59  2001   13.66  1935    9.28  1964    8.70  1964
     4.2  2003     4.6  1948     5.7  1973     7.5  2008    10.0  1943    12.6  1996    14.2  1941    14.1  1940    12.4  1948     9.5  1986     6.3  1960     4.9  1936    4.46  1927    7.56  1935   13.64  1996    9.25  1943    8.68  1973
     4.2  1999     4.5  2006     5.7  1967     7.5  1972    10.0  1912    12.6  1945    14.2  1932    14.1  1917    12.4  1913     9.5  1948     6.3  1949     4.8  1973    4.44  2003    7.55  1980   13.62  2001    9.24  1929    8.66  1982
     4.2  1994     4.5  2005     5.6  2015     7.4  1967     9.9  1995    12.6  1942    14.1  1992    14.0  1968    12.3  1970     9.5  1916     6.3  1916     4.8  1959    4.43  1928    7.55  1927   13.62  1957    9.23  1933    8.65  1939
     4.2  1922     4.5  1966     5.6  1939     7.4  1963     9.9  1971    12.6  1936    14.1  1973    14.0  1953    12.3  1939     9.4  1983     6.2  1979     4.8  1943    4.42  1924    7.54  2006   13.62  1936    9.18  1991    8.63  1955
     4.2  1911     4.4  1911     5.6  1921     7.4  1915     9.9  1966    12.6  1914    14.1  1950    14.0  1952    12.3  1921     9.4  1953     6.1  2005     4.7  2017    4.33  1948    7.52  1942   13.61  1914    9.18  1914    8.63  1911
     4.1  1969     4.3  1984     5.5  2008     7.3  2006     9.8  1982    12.6  1910    14.0  1979    14.0  1932    12.3  1915     9.3  2010     6.1  1989     4.7  1966    4.33  1916    7.52  1929   13.60  1917    9.16  1980    8.59  1984
     4.1  1913     4.3  1964     5.5  1978     7.3  1992     9.8  1961    12.5  1983    14.0  1956    14.0  1927    12.2  1969     9.3  1998     6.1  1975     4.7  1911    4.31  1984    7.48  1911   13.58  1943    9.16  1961    8.59  1958
     4.0  1954     4.3  1958     5.5  1968     7.3  1954     9.8  1933    12.5  1967    14.0  1947    13.9  2017    12.2  1968     9.3  1988     6.1  1968     4.6  1967    4.28  1953    7.46  2015   13.54  1941    9.15  1960    8.56  1947
     4.0  1920     4.2  2003     5.5  1954     7.3  1947     9.8  1931    12.5  1961    13.9  2007    13.9  1987    12.1  1967     9.3  1960     6.1  1959     4.6  1913    4.27  1958    7.46  1995   13.52  2012    9.14  1939    8.55  1946
     3.9  2018     4.2  1957     5.5  1946     7.2  1991     9.8  1930    12.5  1915    13.9  1985    13.9  1925    12.0  2008     9.3  1957     6.1  1957     4.5  2014    4.26  1961    7.45  1974   13.51  1953    9.13  1975    8.55  1914
     3.9  1997     4.2  1912     5.4  1982     7.2  1990     9.8  1929    12.4  1951    13.9  1967    13.8  1958    12.0  1989     9.3  1946     6.1  1937     4.5  2000    4.24  1912    7.44  1971   13.49  1939    9.12  1990    8.54  1978
     3.9  1988     4.1  1988     5.4  1918     7.2  1971     9.8  1928    12.4  1935    13.9  1964    13.7  1977    12.0  1983     9.3  1933     6.1  1932     4.5  1970    4.21  2013    7.44  1966   13.45  1937    9.07  2000    8.54  1932
     3.9  1960     4.1  1937     5.4  1910     7.2  1965     9.7  2005    12.4  1931    13.9  1957    13.7  1971    12.0  1976     9.3  1928     6.0  1990     4.4  1944    4.18  1997    7.44  1918   13.44  1958    9.03  1924    8.50  1970
     3.9  1914     4.1  1924     5.3  1940     7.2  1930     9.7  1993    12.4  1920    13.9  1929    13.7  1957    12.0  1934     9.2  1984     6.0  1941     4.4  1928    4.18  1938    7.43  1976   13.44  1942    9.02  1928    8.50  1913
     3.8  1995     4.0  2016     5.2  1971     7.2  1921     9.7  1976    12.3  2015    13.9  1914    13.7  1919    11.9  2017     9.2  1961     6.0  1912     4.3  2012    4.14  1964    7.42  1989   13.41  1977    8.96  2008    8.49  1980
     3.8  1962     4.0  1972     5.2  1953     7.1  1958     9.7  1949    12.3  1998    13.8  2004    13.6  2015    11.9  1982     9.2  1956     5.9  1991     4.3  1979    4.06  1939    7.41  1978   13.37  1998    8.96  1973    8.49  1967
     3.8  1912     4.0  1950     5.2  1920     7.1  1938     9.7  1936    12.3  1979    13.8  1972    13.6  1982    11.9  1930     9.2  1938     5.9  1934     4.3  1930    4.06  1918    7.40  1963   13.34  1968    8.96  1954    8.47  1993
     3.7  2015     4.0  1944     5.1  1972     7.0  1968     9.7  1920    12.3  1969    13.8  1946    13.6  1978    11.9  1914     9.1  1936     5.9  1929     4.3  1929    4.05  2015    7.40  1921   13.33  1988    8.93  1962    8.46  1956
     3.7  1946     4.0  1932     5.1  1944     7.0  1962     9.6  2013    12.3  1952    13.8  1927    13.6  1948    11.8  2015     9.0  1982     5.9  1914     4.3  1926    4.02  1933    7.40  1914   13.33  1966    8.92  1977    8.44  1950
     3.7  1942     3.9  2015     5.0  1976     6.9  2001     9.6  1974    12.2  2001    13.7  2011    13.6  1938    11.8  2012     9.0  1930     5.8  2017     4.3  1923    4.00  1983    7.39  1965   13.30  1981    8.91  1984    8.44  1942
     3.6  1958     3.9  2013     5.0  1974     6.9  1956     9.6  1948    12.2  1937    13.7  1953    13.6  1913    11.8  1988     8.8  2000     5.8  2013     4.3  1919    3.96  2009    7.38  1994   13.30  1951    8.90  1988    8.43  1996
     3.6  1930     3.9  1973     5.0  1942     6.9  1935     9.6  1942    12.2  1924    13.7  1948    13.5  2010    11.8  1984     8.8  1991     5.8  1982     4.2  1958    3.96  1919    7.38  1987   13.29  1994    8.90  1957    8.43  1935
     3.5  2009     3.9  1910     5.0  1932     6.9  1931     9.6  1935    12.2  1918    13.7  1928    13.5  1994    11.8  1960     8.8  1950     5.8  1940     4.1  2001    3.92  1942    7.28  1977   13.29  1918    8.88  1982    8.42  1966
     3.5  1982     3.8  2001     5.0  1928     6.9  1919     9.6  1934    12.2  1917    13.7  1916    13.5  1964    11.8  1920     8.7  2002     5.8  1927     4.1  1993    3.91  1966    7.24  1973   13.28  1967    8.87  1936    8.42  1954
     3.5  1970     3.8  1981     5.0  1925     6.8  1994     9.5  1973    12.2  1911    13.6  2002    13.5  1950    11.8  1911     8.7  1973     5.7  1984     4.1  1962    3.87  1960    7.21  1928   13.20  1964    8.86  1986    8.41  1968
     3.5  1961     3.8  1952     4.9  2010     6.8  1928     9.5  1969    12.1  1964    13.6  1998    13.5  1943    11.7  1979     8.7  1967     5.7  1973     4.0  1999    3.86  1978    7.20  1972   13.19  1930    8.86  1985    8.39  1977
     3.5  1948     3.8  1940     4.9  2006     6.8  1927     9.5  1957    12.1  1958    13.6  1986    13.5  1910    11.7  1943     8.7  1942     5.7  1962     4.0  1965    3.86  1945    7.18  1936   13.17  1963    8.85  1934    8.39  1918
     3.4  1918     3.7  1933     4.9  1915     6.8  1911     9.5  1946    12.1  1944    13.6  1960    13.4  2014    11.7  1935     8.7  1924     5.7  1954     4.0  1940    3.81  2001    7.18  1930   13.16  1971    8.85  1927    8.38  1981
     3.3  1966     3.7  1925     4.7  1986     6.7  1998     9.5  1932    12.1  1926    13.6  1942    13.4  1974    11.7  1910     8.6  1976     5.7  1918     4.0  1933    3.79  1980    7.15  1967   13.12  1987    8.80  2010    8.38  1974
     3.3  1951     3.6  1987     4.7  1965     6.7  1916     9.5  1927    12.0  2012    13.6  1937    13.4  1967    11.6  1942     8.6  1964     5.6  1988     3.9  1990    3.76  1931    7.13  1984   13.10  1923    8.77  1967    8.38  1928
     3.3  1931     3.6  1931     4.7  1964     6.7  1913     9.5  1910    12.0  1997    13.5  2012    13.3  2011    11.6  1937     8.6  1955     5.6  1961     3.9  1982    3.75  1994    7.11  1985   13.09  2015    8.77  1930    8.35  1929
     3.3  1910     3.5  1977     4.7  1941     6.6  1969     9.4  1987    12.0  1990    13.5  1981    13.3  1988    11.5  1987     8.6  1940     5.6  1944     3.9  1969    3.74  1952    7.10  1970   13.09  1980    8.74  1917    8.35  1920
     3.2  1972     3.4  1985     4.6  1996     6.5  2013     9.4  1924    12.0  1980    13.5  1939    13.3  1951    11.5  1963     8.6  1934     5.5  2012     3.8  2008    3.72  1968    7.07  1937   13.07  1979    8.73  1972    8.34  1940
     3.1  2001     3.4  1965     4.6  1922     6.5  1973     9.4  1921    12.0  1955    13.5  1936    13.3  1930    11.4  1994     8.6  1911     5.5  1967     3.8  1992    3.69  1996    7.03  1955   13.07  1948    8.66  1966    8.32  1952
     3.1  1978     3.3  1929     4.6  1913     6.5  1950     9.4  1913    12.0  1912    13.5  1931    13.3  1929    11.4  1977     8.5  2003     5.5  1933     3.8  1978    3.68  1987    7.03  1915   13.07  1916    8.65  1976    8.32  1924
     3.1  1956     3.2  1954     4.6  1911     6.4  2012     9.3  1994    11.9  1999    13.5  1930    13.3  1915    11.3  1993     8.5  1966     5.4  2000     3.8  1968    3.58  1962    7.02  1920   13.03  1993    8.64  1937    8.31  1927
     3.1  1919     3.1  1941     4.5  1995     6.4  2000     9.3  1986    11.9  1981    13.4  1966    13.2  1960    11.3  1975     8.5  1952     5.4  1976     3.8  1915    3.58  1959    7.01  1975   13.01  1929    8.62  1981    8.29  1937
     3.0  1986     3.0  1936     4.5  1975     6.4  1977     9.3  1985    11.9  1978    13.4  1918    13.1  1961    11.3  1957     8.5  1923     5.3  1972     3.7  1989    3.54  1929    7.01  1931   13.00  1910    8.62  1931    8.29  1936
     3.0  1947     2.9  1996     4.5  1930     6.4  1923     9.3  1914    11.9  1974    13.3  2015    13.1  1941    11.3  1950     8.5  1915     5.3  1942     3.7  1964    3.44  1956    6.98  1919   12.95  2011    8.56  1940    8.26  1951
     3.0  1939     2.9  1994     4.5  1914     6.3  2016     9.2  1977    11.9  1954    13.3  1963    13.1  1934    11.2  1990     8.4  2008     5.3  1930     3.7  1938    3.43  1955    6.92  1947   12.93  1931    8.55  1922    8.26  1931
     3.0  1915     2.9  1917     4.4  1985     6.3  1929     9.2  1962    11.9  1948    13.3  1924    13.0  1992    11.2  1944     8.4  2004     5.2  1926     3.6  1939    3.38  1930    6.92  1910   12.91  1978    8.53  1942    8.25  1987
     2.9  2011     2.9  1916     4.4  1984     6.2  1953     9.2  1938    11.9  1938    13.2  1993    13.0  1965    11.2  1940     8.4  1931     5.1  2016     3.6  1920    3.26  1970    6.91  1983   12.91  1915    8.53  1911    8.25  1941
     2.9  1991     2.8  1978     4.3  2001     6.2  1920     9.2  1916    11.8  2011    13.2  1978    12.9  1979    11.1  1962     8.4  1929     5.1  1993     3.5  1996    3.23  1982    6.90  1968   12.87  1938    8.51  1987    8.24  1925
     2.9  1929     2.8  1960     4.3  1934     6.2  1918     9.1  2015    11.8  1994    13.1  1988    12.9  1966    11.1  1928     8.3  1944     5.1  1974     3.5  1927    3.23  1965    6.90  1913   12.81  1961    8.43  1926    8.19  1916
     2.8  1933     2.8  1915     4.3  1931     6.1  1979     9.1  1984    11.8  1962    13.1  1980    12.9  1963    11.1  1924     8.3  1935     5.1  1911     3.5  1925    3.14  1991    6.77  1996   12.80  1924    8.43  1910    8.16  1910
     2.6  1987     2.7  1983     4.2  1987     6.1  1978     9.1  1958    11.8  1946    13.1  1968    12.9  1931    11.0  1932     8.3  1922     5.0  1996     3.4  1952    3.06  1985    6.75  1923   12.79  1974    8.39  1944    8.15  1969
     2.6  1965     2.6  1942     4.1  1980     6.0  1970     9.1  1925    11.8  1919    13.1  1962    12.9  1928    11.0  1919     8.2  1980     5.0  1935     3.3  1963    3.04  1986    6.74  1932   12.76  1919    8.38  2012    8.15  1930
     2.5  1955     2.6  1919     4.0  1970     6.0  1925     9.0  1983    11.7  1956    13.1  1938    12.9  1924    10.9  1992     8.2  1937     4.9  1936     3.3  1946    2.99  1969    6.70  1925   12.72  1986    8.38  1925    8.13  1923
     2.5  1936     2.5  1991     3.9  1924     5.9  1966     9.0  1975    11.7  1929    13.0  1974    12.9  1923    10.9  1954     8.2  1919     4.8  1925     3.1  1937    2.87  1940    6.63  1934   12.71  1946    8.33  1932    8.11  1912
     2.4  1984     2.5  1951     3.8  1951     5.9  1951     9.0  1972    11.6  1922    13.0  1915    12.8  1993    10.9  1927     7.9  2012     4.7  1966     3.0  1917    2.86  1915    6.56  1922   12.70  1965    8.32  1935    8.10  1972
     2.4  1980     2.3  1970     3.7  1917     5.9  1934     9.0  1963    11.6  1913    12.9  1970    12.8  1962    10.8  1972     7.9  1932     4.7  1952     2.9  1960    2.68  1936    6.51  1958   12.66  1913    8.30  1965    8.01  1962
     2.4  1977     2.0  2010     3.5  1979     5.8  1932     8.9  1955    11.5  1977    12.9  1940    12.8  1954    10.8  1965     7.8  1939     4.5  1977     2.8  1995    2.61  1941    6.37  1969   12.61  1927    8.24  1915    7.95  2010
     2.3  1952     2.0  1979     3.4  1958     5.8  1924     8.9  1926    11.5  1923    12.9  1910    12.8  1921    10.8  1923     7.8  1918     4.4  1950     2.8  1914    2.59  1917    6.37  1924   12.59  1985    8.17  1950    7.95  1985
     2.2  1917     2.0  1930     3.4  1955     5.8  1910     8.9  1915    11.3  1985    12.8  1961    12.7  1972    10.8  1922     7.8  1912     4.2  2010     2.7  1916    2.57  2011    6.32  1962   12.57  1956    8.09  1912    7.95  1965
     1.7  2010     1.8  1956     3.1  1969     5.7  1989     8.6  1951    11.2  1971    12.7  1919    12.5  1985    10.7  1931     7.7  1987     3.9  1969     2.6  1935    2.56  1977    6.31  1986   12.56  1962    7.98  1992    7.91  1922
     1.5  1959     1.7  1968     2.9  1916     5.7  1936     8.6  1941    10.9  1991    12.7  1913    12.5  1946    10.6  1986     7.4  1974     3.9  1965     2.4  2009    2.41  1951    6.30  2013   12.52  1928    7.81  1993    7.87  1915
     1.3  1940     1.2  1955     2.8  2013     5.6  1941     8.4  1967    10.9  1987    12.6  1954    12.2  1920    10.6  1925     7.4  1926     3.9  1915     2.4  1961    2.11  1979    6.30  1941   12.44  1954    7.71  1952    7.82  1963
     0.9  1941     0.8  1969     2.8  1962     5.5  1983     8.2  1968    10.9  1928    12.6  1912    12.0  1956    10.4  1912     7.0  1993     3.7  1985     1.8  1976    2.04  2010    6.27  1916   12.31  1920    7.66  1918    7.82  1917
     0.8  1985     0.7  1963     2.8  1937     4.9  1986     8.0  1996    10.5  1916    12.4  1965    11.9  1922    10.1  1974     6.8  1992     3.6  1910     1.6  1981    2.02  1947    6.13  1917   12.25  1972    7.55  1974    7.72  1986
     0.7  1945     0.5  1986     2.8  1919     4.5  1917     7.7  1979    10.1  1972    12.3  1920    11.5  1986     9.9  1952     6.6  1917     3.2  1923     1.4  1950    1.51  1963    6.11  1951   11.79  1912    7.54  1923    7.66  1919
     0.5  1979    -0.5  1947     2.5  1947     4.2  1922     7.7  1923    10.0  1927    11.8  1922    10.8  1912     9.5  1918     6.5  1981     3.0  1919    -0.7  2010                  5.77  1979   11.76  1922    7.40  1919    7.65  1979
    -0.3  1963
