Northern_Ireland Sunshine (Total hours)
Areal series, starting from 1929
Allowances have been made for topographic, coastal and urban effects where relationships are found to exist.
Seasons: Winter=Dec-Feb, Spring=Mar-May, Summer=June-Aug, Autumn=Sept-Nov. (Winter: Year refers to Jan/Feb).
Values are ranked and displayed to 1 dp. Where values are equal, rankings are based in order of year descending.
All 2017 and 2018 data are provisional.  Last updated 1/2/2018.

     JAN  Year     FEB  Year     MAR  Year     APR  Year     MAY  Year     JUN  Year     JUL  Year     AUG  Year    SEP   Year     OCT  Year     NOV  Year     DEC  Year     WIN  Year     SPR  Year     SUM  Year     AUT  Year     ANN  Year
    77.1  1959   101.1  2004   172.8  1929   206.9  2015   277.9  1946   258.9  1940   247.6  1955   261.4  1947   164.4  1991   114.7  1939    80.2  1950    61.5  2010   201.2  2011   542.0  1975   605.2  1995   330.3  1986  1456.2  1955
    71.3  2011   100.2  1960   152.2  2003   206.3  1962   257.5  1975   256.6  1957   232.5  1989   253.0  1976   162.8  1933   112.1  1952    76.6  2010    59.8  2001   186.7  2001   538.9  2007   558.2  1968   309.7  1987  1453.0  1975
    67.2  1933    96.8  1996   144.2  1982   205.6  1974   253.2  2017   256.2  1949   223.2  2013   233.6  1995   157.9  1986   110.7  1987    76.0  2016    59.1  1935   181.8  1957   529.4  1962   555.6  1976   299.1  2010  1422.4  1959
    66.5  2001    96.3  1968   143.3  1955   199.4  1938   252.6  1935   239.9  1939   209.0  1990   195.1  1968   151.3  1987   109.9  1929    75.5  2005    56.9  1960   179.7  1960   527.1  2008   547.1  1977   297.3  1959  1414.5  2010
    63.6  1957    93.2  1970   142.5  1975   198.5  1942   244.5  2000   231.8  2009   207.7  2006   186.2  1977   146.4  1996   105.4  2010    75.5  1935    53.1  1938   179.0  2004   526.7  1948   537.3  1989   289.4  1991  1399.4  1995
    60.5  1939    92.6  1957   133.9  2015   194.6  2011   237.5  1984   231.2  1930   201.9  1934   182.4  2003   144.2  1949   104.4  1986    73.9  1947    51.8  1929   176.7  1961   526.5  1955   529.8  1975   286.3  1952  1386.2  1935
    59.2  1963    87.9  2001   129.6  2010   193.1  2007   236.0  2008   226.0  1975   195.7  1943   181.9  1997   139.6  1959   103.3  1931    73.5  1948    49.8  2012   173.9  2003   525.8  1929   521.0  1947   282.4  1929  1385.0  2006
    58.7  2015    87.6  2006   126.7  1948   186.5  1957   235.3  1977   223.0  1960   190.3  1935   175.3  1931   135.6  1971   102.1  1998    72.6  1974    49.0  1946   172.4  1959   524.9  1946   513.2  1960   279.3  1933  1369.8  1960
    58.7  1961    84.7  2008   125.5  1937   184.1  1969   235.2  1948   217.4  1995   181.2  1984   168.7  2000   134.0  1955   100.9  1966    70.1  1976    48.3  2009   172.2  1963   499.3  1935   509.8  2006   278.3  1971  1365.6  1977
    58.4  1991    82.5  1944   122.4  2004   178.8  1955   225.3  2007   208.0  1951   177.3  1982   165.4  2010   132.3  1997   100.5  2015    68.8  1964    46.3  1948   172.1  1936   491.9  2015   503.2  1969   276.8  1949  1363.3  1989
    57.8  1965    82.4  1932   120.7  1962   176.2  1954   224.2  1989   207.1  1968   176.7  1977   164.7  1944   130.8  1972    97.7  2008    68.7  1930    45.4  1963   171.0  2002   486.3  2010   501.8  1949   274.1  1974  1363.0  2009
    56.9  1978    81.4  2003   120.6  2017   175.4  1984   221.4  1980   206.4  1959   176.1  1999   156.9  1938   130.4  2015    97.6  1961    68.6  2003    44.7  1990   170.4  1968   485.5  1984   501.0  1934   271.5  1996  1361.6  1949
    56.7  2003    80.5  1989   120.5  2007   174.4  2008   219.3  1959   205.4  1969   175.7  1983   155.7  1974   127.2  1964    97.3  1994    68.6  1977    44.0  2014   168.0  1951   485.1  2011   498.5  1955   271.0  2012  1356.0  1968
    56.6  1931    80.0  2013   119.8  2011   169.8  1936   218.1  2016   204.4  1932   170.5  2017   155.5  1945   126.5  1954    96.4  1956    68.0  1986    44.0  2006   166.6  1930   483.8  1942   495.0  2009   268.8  1972  1353.3  1929
    55.9  1971    78.0  1955   118.8  1950   168.7  2003   216.5  1950   196.0  1970   168.7  1971   154.4  1960   126.4  1995    95.2  2003    68.0  1942    43.2  1957   166.0  2015   481.6  2016   493.6  2013   268.7  2015  1347.6  2003
    55.6  1985    77.7  1941   118.4  1931   167.3  1930   210.2  1943   195.4  1934   161.3  1969   153.2  2014   125.6  1929    94.9  1932    67.6  2013    43.1  1965   166.0  1933   478.7  1959   492.8  1940   268.4  1998  1339.2  1950
    55.2  1943    77.4  1963   118.2  1999   166.7  1951   210.0  1937   191.5  1936   157.0  2014   152.8  1975   124.3  2009    94.7  1981    67.4  2006    42.6  1932   162.8  2010   478.4  2017   483.3  1939   267.7  2014  1338.5  2015
    54.8  2010    77.0  1951   117.8  1949   166.4  2013   208.0  1997   190.8  2006   157.0  1966   151.8  1991   124.1  2002    93.8  2012    67.0  1965    42.5  1970   162.0  2007   476.0  1982   480.3  2014   267.3  1966  1329.2  2007
    54.5  1958    76.5  1967   116.7  2008   165.8  1981   205.9  1951   189.1  1989   156.9  1972   150.6  2012   123.4  1930    93.5  2013    66.9  1959    42.2  1952   161.5  2006   474.8  1953   473.5  1959   267.2  1955  1324.6  1957
    52.6  2009    75.6  1949   116.5  2012   164.9  1948   205.2  1966   188.3  1929   156.0  1968   149.3  1962   122.9  1934    93.0  1936    66.5  2011    42.1  1945   160.2  1996   471.4  1951   467.2  1984   264.9  1994  1321.9  1951
    52.4  1946    75.4  1930   116.5  2002   164.6  1968   204.4  1955   188.0  2010   155.5  1963   149.3  1939   121.4  1960    92.8  1974    65.9  1990    41.8  1995   158.6  1946   468.6  2012   466.7  1957   264.3  1935  1315.9  1948
    52.4  1942    75.3  1975   116.2  1970   164.4  1994   203.3  1929   185.7  1996   154.2  1995   149.0  1992   119.3  1952    92.7  2000    65.1  1966    41.8  1967   158.2  1991   464.4  1950   466.4  1950   264.1  2003  1307.4  1939
    51.9  1988    72.9  1986   115.9  1953   163.7  2006   202.9  2001   184.2  1977   154.1  1948   148.6  1970   118.5  2012    92.6  1984    64.6  1932    41.3  2008   157.7  1949   462.0  1980   463.7  1935   263.7  1961  1307.0  1984
    51.8  1951    72.4  2014   115.8  1933   162.6  1953   202.4  1962   183.9  1950   152.7  1958   147.7  2001   117.2  2014    91.8  1993    64.5  2009    40.7  2003   157.6  1979   461.9  1989   463.5  1951   263.1  1967  1299.0  1974
    51.5  1977    72.2  1936   115.3  1944   162.3  1945   199.5  2010   183.4  1956   151.0  1975   146.2  1955   117.1  2010    91.5  2014    64.1  1967    39.9  1978   157.6  1967   461.2  1977   459.0  1997   262.8  2006  1297.8  1962
    51.5  1955    71.6  2016   114.8  1959   161.9  1976   198.5  1942   178.3  1974   150.1  2007   142.1  1984   116.8  1963    91.5  1971    64.0  1996    39.6  1951   156.7  2013   454.4  2000   457.7  1943   261.1  2009  1294.2  1946
    50.5  1940    71.2  1978   114.4  1986   161.9  1932   196.2  1953   178.0  2015   147.8  1942   141.9  1959   116.1  2001    91.4  1988    63.3  1970    39.4  1994   156.2  2008   453.3  2003   457.2  1974   261.1  1948  1293.5  2013
    49.5  1990    70.0  1956   114.3  1963   161.5  2014   194.8  1990   177.7  1963   147.1  2009   141.7  1966   114.2  1973    91.4  1948    63.0  1949    39.3  1950   153.9  1970   453.2  2009   453.2  2010   260.7  1964  1286.8  1982
    48.9  2007    69.5  2002   114.2  2001   159.9  1990   194.7  2012   176.9  1988   146.6  1950   140.5  1937   114.0  1994    91.3  1962    61.2  1960    39.1  2016   153.2  1989   450.0  1974   451.4  2003   260.6  1950  1285.6  2001
    48.8  1962    69.5  1979   113.7  2016   159.4  2002   194.7  1957   174.3  1967   146.3  2011   138.6  1964   113.5  1967    90.7  1959    60.5  1988    38.5  2004   153.0  1971   446.3  2001   450.0  1956   260.5  1931  1285.2  1963
    48.1  1979    69.2  2007   113.2  1956   159.4  1960   193.9  2009   174.0  1976   144.0  2000   137.7  1983   113.4  1935    90.3  1944    59.5  1998    38.3  1982   152.8  1955   446.2  1957   448.4  1990   260.0  2016  1284.6  1932
    47.8  1945    68.7  1988   113.2  1932   159.4  1956   191.1  1949   173.1  1942   141.5  1933   137.5  1993   112.7  2004    89.2  2016    59.2  1979    38.1  1979   151.7  1941   445.3  2002   447.4  2000   260.0  1932  1281.6  1947
    46.3  2018    68.4  2011   111.8  2009   157.4  2012   187.6  1936   173.0  1962   139.9  1996   136.4  1969   112.0  1937    89.2  1941    59.0  2014    37.5  1996   150.6  1939   444.2  1956   445.4  1970   259.7  1995  1278.4  1976
    46.2  1967    67.9  2005   111.2  1952   157.2  2010   186.9  1992   171.7  1943   138.7  1953   135.9  1950   111.1  1944    89.1  1995    58.7  2012    37.4  2013   150.0  1988   440.9  1949   445.3  1936   257.9  2013  1277.9  1930
    45.3  2017    66.4  1983   110.6  1973   156.3  1982   186.7  1960   171.0  1953   136.5  1929   135.3  1936   110.9  1961    88.3  1978    58.7  1931    37.1  1973   148.3  1958   440.2  2006   437.8  1992   256.8  1930  1275.4  1942
    45.2  1982    66.0  1972   109.9  1965   154.0  1983   186.1  2006   170.2  2014   135.9  1960   135.0  1946   109.7  1990    88.2  2007    58.4  1946    37.0  1964   147.8  2014   440.0  1932   437.8  1982   256.2  1939  1274.3  1990
    45.2  1952    65.6  1987   108.3  1934   153.2  1995   186.0  1939   168.0  1985   133.3  1991   134.4  2015   109.5  1968    87.8  1955    57.6  1985    36.7  1959   146.9  1975   439.7  2004   437.6  1971   254.1  1947  1271.6  2008
    45.1  1987    65.4  2000   108.1  1941   151.9  1935   184.2  1996   163.8  1972   132.9  1956   133.9  2004   109.4  1936    87.1  2006    57.6  1969    36.7  1937   146.8  2009   439.3  1939   436.6  1953   253.6  1988  1270.3  1936
    45.1  1941    65.2  1950   107.9  1967   151.6  1986   184.2  1958   161.8  1992   132.4  2004   133.7  1956   108.9  2017    87.0  1972    57.5  1954    36.5  1985   146.8  1978   438.9  1954   436.5  1963   251.9  1979  1268.7  2000
    44.6  1994    65.2  1937   106.9  1989   149.8  2016   183.1  2005   159.4  1933   131.8  2001   133.4  1951   108.8  1981    86.3  1938    57.3  2017    36.1  1958   146.7  1965   438.9  1930   436.1  1930   251.5  1944  1268.1  2014
    44.4  1989    64.9  1985   105.8  1979   149.6  1929   182.2  2004   158.4  2013   130.5  1997   132.8  1979   108.7  1974    86.2  1947    57.1  1933    35.8  2017   146.3  1985   435.6  1938   435.5  1983   250.9  1936  1265.9  2011
    44.3  1980    64.6  1973   105.5  1943   148.8  1965   181.4  1961   157.7  2008   128.6  1976   131.3  1998   108.3  2006    85.7  1979    56.9  1941    35.8  2002   146.2  1986   434.4  1990   427.9  1962   248.4  1981  1256.6  1956
    44.1  1998    64.4  1997   105.2  1972   148.2  1939   181.1  1988   157.2  1986   128.0  1978   129.2  1967   108.3  1942    85.5  1967    56.8  1993    35.7  1972   146.1  1956   431.2  1952   427.0  1932   248.4  1942  1255.1  1952
    43.9  1975    64.2  1946   105.1  1939   147.5  2009   179.3  1987   157.2  1973   127.7  1949   128.8  2016   107.5  1982    84.7  1943    56.8  1957    35.6  1962   145.4  1952   430.0  1936   425.4  2015   247.1  1993  1255.0  1953
    43.4  1950    64.2  1935   104.9  1966   146.5  1999   178.6  1930   155.1  2003   127.0  1992   128.4  2017   107.1  1975    84.1  1973    56.5  1975    35.1  2007   144.8  1943   426.6  1943   424.5  1933   246.6  2002  1254.5  2016
    42.9  2012    63.3  2015   104.7  1946   146.2  1980   178.5  1963   154.3  1971   125.4  1994   128.3  2002   107.0  1979    83.4  1983    55.2  1961    34.9  1966   144.5  1962   425.3  1968   424.4  1972   246.2  1941  1254.3  1943
    42.8  1960    63.3  1969   104.6  1954   145.4  1952   175.7  1947   151.1  1941   125.4  1965   128.1  1982   106.8  2007    82.8  1985    55.0  1952    34.4  1976   144.0  2005   422.5  1986   424.3  1996   245.3  1960  1253.9  1986
    42.2  1934    63.3  1938   102.1  1974   144.7  1977   175.5  1982   147.9  2011   125.3  1959   127.7  2005   106.7  1998    82.6  1951    53.5  1994    34.4  1961   143.7  1987   421.9  1963   418.2  1929   244.8  1963  1247.0  1969
    41.9  1984    62.2  1943    98.7  1951   144.7  1972   174.6  1952   147.7  1946   125.2  1940   127.7  1935   106.5  2000    81.8  1992    53.4  1940    34.4  1955   143.3  1983   417.8  1994   417.2  2017   244.4  1976  1244.1  2004
    41.8  2002    62.0  1934    97.8  1968   144.6  1959   171.9  1931   146.7  1952   125.0  1945   127.3  1961   102.4  1940    81.7  1950    53.1  1963    33.8  1999   142.5  1931   415.1  1969   415.5  1945   243.7  1997  1243.6  2017
    41.6  1956    61.2  1962    97.2  1978   144.0  1991   171.6  1956   146.6  1997   124.4  1946   126.8  1953   101.6  1988    81.3  1980    52.5  1991    33.2  2005   141.8  1953   413.3  2005   415.3  1966   242.7  1954  1239.1  1971
    41.4  1947    61.1  1961    95.2  1994   142.4  1970   170.8  2011   145.7  1935   123.2  1974   125.6  1981   101.3  1966    81.0  1999    51.8  1980    33.2  1992   141.4  1947   411.7  1958   414.7  1999   242.2  1977  1237.0  1967
    40.8  1936    60.6  1952    94.8  1935   142.3  1973   170.2  1941   145.5  1979   122.2  1951   125.4  1965   100.6  2005    79.9  2004    51.2  1971    33.1  1993   139.3  1950   411.3  1960   409.5  2007   241.5  2005  1234.4  1934
    40.7  2006    59.7  2010    94.5  1980   142.3  1946   169.7  1978   143.9  1984   120.1  1952   123.5  1933   100.5  1932    79.7  1953    51.0  1972    32.9  1986   138.2  1990   408.8  1967   408.6  1991   241.0  1990  1221.9  1972
    40.7  1948    59.3  1953    92.9  1930   141.9  1975   169.4  2002   142.6  2007   119.3  2008   122.8  1973   100.3  2003    78.1  1982    50.1  1944    32.8  1968   137.8  1944   404.4  1995   407.2  1946   240.6  1984  1220.3  2012
    40.3  1953    59.3  1942    92.0  1958   140.7  2005   169.2  2013   140.7  1998   119.3  1947   122.8  1952   100.1  1999    77.9  1997    50.1  1943    32.7  1933   136.9  1945   404.3  1999   407.1  1988   238.4  1973  1213.5  1991
    39.4  1930    59.2  1982    91.7  2014   140.3  1967   167.8  1971   140.7  1965   118.5  1936   122.7  1954   100.1  1941    77.8  1958    49.8  1999    32.3  2000   136.8  1934   403.1  1931   404.2  1942   236.0  1937  1207.9  1988
    38.9  1999    59.2  1959    90.4  2006   137.9  1988   166.2  1964   140.3  1947   116.6  2005   122.3  1941   100.1  1939    77.6  1937    48.9  1984    32.3  1989   136.4  2016   402.2  1941   400.6  2011   235.7  1975  1205.4  1933
    38.6  1983    58.5  1945    89.4  2005   136.7  1998   164.9  1932   136.2  1990   115.9  1932   119.9  1994    99.7  1977    77.0  1976    48.4  1936    31.4  1930   135.9  1942   400.7  1966   400.6  1967   234.3  2008  1203.0  1938
    38.2  1929    57.8  1948    88.3  1995   135.9  2000   164.6  1940   135.4  1961   115.4  1988   119.1  1986    99.4  1938    76.2  2002    47.8  1934    31.3  1997   134.8  1980   398.2  1988   398.6  2004   233.7  2000  1202.6  1996
    37.9  2014    57.0  1974    86.8  1942   135.5  1958   162.9  1995   135.0  1945   114.5  1973   117.9  1949    99.1  1984    75.3  1935    47.7  1987    31.2  1969   134.6  2000   397.8  2013   397.3  2001   232.1  1938  1200.6  1970
    37.8  1937    56.7  1995    86.1  1997   135.1  2004   162.9  1968   134.8  2000   113.9  2003   116.8  2007    98.7  1950    74.8  1963    47.0  1978    31.2  1939   134.1  1937   396.2  1979   394.6  1973   230.9  1999  1196.2  1997
    37.6  2005    56.3  1990    86.0  1940   132.2  1971   162.4  1979   134.5  1964   113.1  2015   116.7  1999    98.5  1993    74.2  1945    46.9  1929    31.2  1936   133.7  1972   395.5  1945   393.9  1931   230.2  1982  1194.8  2002
    37.3  1976    56.2  1933    85.8  1969   132.0  1949   160.6  1967   132.8  1937   112.9  2012   116.2  2009    98.5  1931    74.0  1977    46.8  2008    30.7  1971   133.0  1932   392.7  1965   393.5  1938   229.7  1934  1186.6  1931
    37.2  2004    55.6  1964    85.3  1985   132.0  1947   158.3  1994   132.5  1982   112.0  1987   115.8  1989    98.2  1957    73.0  2001    46.8  1953    30.7  1949   131.9  2017   390.6  1947   391.5  1965   229.0  2004  1183.3  1940
    37.0  1972    55.2  1991    84.1  1938   130.8  1989   158.1  1954   132.3  2004   111.7  1980   114.8  1988    97.3  1976    72.5  1991    46.5  1938    30.5  2015   131.3  1982   390.0  1972   389.6  1952   227.9  2001  1183.1  1966
    36.9  1986    54.7  1971    82.9  1947   129.5  1985   156.5  1986   130.4  2016   111.2  1938   114.6  1971    96.8  2013    72.2  2009    46.4  1937    30.5  1944   130.8  1977   387.5  1981   383.3  1948   227.7  2007  1180.6  1979
    36.4  2008    54.4  1999    82.8  1981   129.2  2001   156.1  1998   129.8  1931   108.7  2016   113.2  1957    96.8  1951    72.1  1975    46.3  2002    30.2  1953   128.9  1964   387.2  1978   381.1  1941   225.9  1978  1176.9  1999
    35.8  1949    54.4  1931    82.2  1993   129.0  1963   155.7  1934   128.7  1954   107.7  1941   112.5  1987    96.2  1948    72.1  1942    46.3  1989    29.4  1987   127.8  1995   387.0  1944   377.6  1998   225.2  1956  1176.4  1941
    35.6  1935    53.8  1981    81.9  1971   129.0  1950   155.2  1944   128.2  1981   105.7  1962   112.0  2013    95.1  1945    69.7  1949    46.3  1945    29.0  1940   127.4  1969   385.6  1937   376.8  1979   223.8  1980  1174.9  1945
    35.5  2000    52.8  2009    81.6  1945   128.0  1979   154.7  1985   127.9  1978   105.6  1998   111.3  2006    94.9  1958    65.8  1989    45.4  1992    28.9  1943   127.1  1974   383.7  1973   376.4  1937   223.7  1943  1163.3  2005
    35.5  1981    52.4  1980    81.2  1961   126.4  1964   153.8  1991   125.4  2005   104.8  2002   109.8  1948    94.8  2016    65.4  2005    45.3  1955    28.4  2011   125.5  1938   382.0  1971   376.2  1985   223.0  1985  1154.6  1994
    35.1  1954    51.9  1965    81.1  1991   123.8  1941   152.1  1938   125.3  1938   103.0  1937   108.7  1940    94.7  1989    65.4  1990    45.1  1956    28.3  1988   125.0  1998   378.9  1991   374.8  1964   221.2  1992  1145.8  1961
    34.3  2016    51.7  1992    81.1  1977   120.2  1978   151.6  1945   123.6  1991   102.0  1985   106.7  1932    94.0  1992    64.7  1964    44.9  1981    27.7  1974   124.6  1997   378.2  1970   372.7  1958   219.6  2017  1145.1  1965
    33.3  1993    51.0  1947    79.7  1990   116.6  1996   151.0  2015   122.8  2002   101.6  1964   106.4  2011    94.0  1947    64.7  1930    44.6  1982    27.4  1980   123.1  1935   376.2  1934   369.8  2005   218.7  1951  1142.7  1958
    33.0  1974    50.7  1958    79.2  1988   116.4  1944   145.1  1969   122.1  1983   101.3  1981   106.2  1985    92.2  2011    64.6  1969    44.3  1958    27.4  1942   122.0  1948   375.2  1997   367.9  2016   217.0  1958  1142.7  1944
    32.6  1932    49.6  1998    78.3  1987   115.6  1993   142.3  1974   121.9  1999   100.9  1930   104.2  1980    90.6  1980    63.1  1965    44.2  1995    26.9  1981   121.5  1973   369.6  1985   364.9  1944   215.6  1945  1139.9  1987
    32.2  1968    48.9  1976    74.2  1976   112.7  1931   140.0  1972   119.4  1948   100.8  1970   104.0  1958    90.6  1978    62.9  1946    43.0  1968    26.4  1975   121.2  1940   366.8  1961   361.1  1961   213.9  1953  1139.6  1973
    31.7  1995    47.5  2017    74.0  2000   112.1  1934   139.6  1999   118.2  2017    99.8  2010   104.0  1930    89.7  2008    62.7  1960    41.4  1939    25.9  1984   118.8  1999   365.7  2014   358.4  1986   212.9  1940  1137.7  1937
    31.3  1969    46.0  1984    72.6  1984   110.9  1943   138.9  1981   117.9  2001    99.3  1993   103.7  1972    88.9  1943    61.0  1996    40.1  1973    25.6  1956   116.7  1981   358.8  1987   355.9  2002   212.4  1957  1129.4  1978
    29.5  1970    44.9  1977    72.6  1936   108.1  1940   137.7  1993   116.6  1966    98.5  1979   103.6  1934    87.9  1970    60.7  1970    39.2  1951    25.5  1998   115.5  1994   358.6  1940   355.0  1981   212.1  2011  1125.7  1985
    28.6  1966    41.8  1954    66.6  1992   106.1  1933   134.0  1965   116.1  1958    98.3  1961   103.4  1963    87.4  1953    59.4  1933    38.7  2001    25.5  1983   113.4  1984   357.8  1976   354.9  2012   211.9  1970  1124.7  1954
    28.0  1964    39.6  1940    65.3  1960   104.6  2017   132.4  2003   111.0  1944    97.1  1967   103.2  1990    83.8  1956    59.0  1934    37.8  2015    24.2  1941   112.6  1976   355.4  1964   350.0  1994   211.1  1968  1120.0  1980
    27.3  1992    37.7  1994    64.9  1957   104.2  1961   130.8  1973   106.7  1987    96.9  1957    98.7  1996    82.6  1985    58.7  1954    36.3  2004    23.5  1947   108.1  1966   351.0  1996   348.3  1978   208.2  1965  1111.4  1964
    26.8  2013    37.0  1939    62.8  1964   101.2  1987   123.7  1933   104.8  1994    94.1  1939    93.5  1929    80.8  1969    58.6  1968    34.6  2000    23.4  1934   107.1  1954   345.5  1933   347.8  2008   206.9  1989  1109.7  1998
    26.3  1944    36.9  1929    62.1  2013    90.6  1966   123.6  1983   104.7  1955    91.6  1954    92.5  1978    78.2  1983    57.4  1957    33.4  1997    23.3  1954   104.4  2012   344.5  1998   343.0  1954   203.1  1969  1107.1  1981
    25.4  1938    36.4  1966    57.9  1983    82.0  1992   121.8  1976   103.8  1993    89.2  1944    90.4  1943    78.2  1965    57.1  1940    33.4  1983    23.1  1991   102.2  1992   335.5  1993   340.5  1993   196.6  1946  1106.8  1992
    22.7  1997    33.1  2012    51.7  1998    81.1  1997   119.6  1970    94.1  1980    88.7  1931    83.3  1942    75.3  1946    53.4  2017    32.7  2007    18.7  1977    90.9  1993   335.5  1983   331.2  1987   195.0  1983  1096.5  1983
    21.5  1996    24.4  1993    50.2  1996    50.1  1937   112.5  2014    91.4  2012    82.2  1986    70.7  2008    72.5  1962    53.4  2011    31.1  1962    18.1  1931                 335.4  1992   310.0  1980   194.9  1962  1013.9  1993
    21.3  1973
