Northern_Ireland Rainfall (mm)
Areal series, starting from 1910
Allowances have been made for topographic, coastal and urban effects where relationships are found to exist.
Seasons: Winter=Dec-Feb, Spring=Mar-May, Summer=June-Aug, Autumn=Sept-Nov. (Winter: Year refers to Jan/Feb).
Values are ranked and displayed to 1 dp. Where values are equal, rankings are based in order of year descending.
All 2017 and 2018 data are provisional.  Last updated 1/2/2018.

     JAN  Year     FEB  Year     MAR  Year     APR  Year     MAY  Year     JUN  Year     JUL  Year     AUG  Year    SEP   Year     OCT  Year     NOV  Year     DEC  Year     WIN  Year     SPR  Year     SUM  Year     AUT  Year     ANN  Year
   192.3  1928   193.6  1990   146.8  1992   144.2  1961   156.1  1916   179.0  2012   186.2  1936   201.4  2008   193.9  1950   210.7  2011   220.0  2009   224.1  1919   506.6  2016   353.1  1986   420.3  1912   466.5  2011  1411.0  2002
   186.3  2008   173.0  1923   142.1  2006   125.0  1993   146.3  1981   152.6  1912   163.1  1960   192.5  1985   184.1  1962   208.5  1990   192.4  2002   220.2  2015   489.7  1994   348.8  1947   404.3  1958   464.3  2000  1362.5  1928
   185.8  1984   171.2  2014   140.6  1988   123.4  1950   138.5  1993   148.0  2007   154.2  1950   181.9  1956   180.4  1946   200.8  2002   190.5  2015   218.4  1999   489.0  2014   331.8  1993   398.9  2008   438.3  1944  1323.2  2015
   180.1  1988   165.4  2002   136.9  1947   119.7  1991   135.2  2002   147.1  1931   141.2  1938   181.4  1910   178.2  1999   189.2  1916   184.2  1963   211.7  1929   447.5  1920   328.9  2006   396.9  2012   435.7  2002  1303.3  1923
   178.9  1948   162.1  1977   134.7  1994   116.2  1916   133.4  1925   142.5  1958   137.5  2010   181.2  1930   176.6  1981   188.6  1976   177.7  2014   200.6  1978   439.8  1984   322.7  1981   387.9  1910   432.7  1954  1296.6  2014
   178.8  1942   161.0  1966   132.1  2008   115.2  1996   130.6  1986   137.3  1928   135.9  1953   179.8  1923   163.8  1918   182.6  1938   167.3  1979   198.8  1914   428.5  1995   321.7  1916   387.0  1956   422.8  1981  1276.6  1954
   175.7  2016   159.2  1910   130.5  1981   112.2  1940   127.8  2003   126.4  1990   135.6  1988   172.6  1943   162.2  2010   182.0  1917   164.9  1951   198.2  1993   425.5  1915   316.2  1972   384.0  2007   420.7  1938  1276.1  1966
   173.2  2014   140.8  1997   127.9  1989   111.6  1913   126.6  1924   125.4  1966   133.8  2009   172.1  1992   156.9  1934   178.6  1998   163.3  1982   177.9  1911   415.5  1937   311.2  2002   383.9  1985   413.4  1935  1272.6  2011
   170.9  2018   137.8  1914   127.9  1914   110.2  1925   124.0  2015   120.8  1982   132.2  1958   165.4  2009   156.4  1985   178.2  2000   162.1  1931   176.2  1966   410.1  1990   306.7  1913   374.5  1950   412.8  1967  1270.7  2008
   168.5  1974   137.0  1937   125.8  1940   110.1  2009   122.3  1967   119.8  2002   131.8  1924   164.0  1929   154.7  1974   173.2  1995   159.4  1938   174.0  1915   404.6  1923   305.4  1992   369.8  1960   412.6  1918  1270.3  1990
   161.9  1975   136.7  2011   124.0  1978   109.9  1992   118.4  1945   119.2  1945   131.2  2007   159.7  1917   151.2  1924   167.1  1967   156.6  1939   164.3  1986   393.7  2000   297.1  1920   363.9  1924   410.8  1995  1260.1  2009
   159.2  1937   135.1  1994   122.2  1912   109.3  1922   118.3  1976   116.6  1998   130.8  1932   154.4  1912   149.7  1944   161.7  1930   155.2  2000   163.3  1948   388.3  1958   295.1  1925   358.2  2009   399.5  1963  1259.1  1998
   158.8  1926   132.0  1925   118.1  1986   107.7  1989   118.0  1972   115.8  1955   129.8  1939   153.9  1950   146.3  1967   159.5  1954   152.4  1995   161.1  1934   387.2  1916   292.4  1966   356.6  2017   397.2  1917  1254.3  1988
   157.1  1986   130.9  1970   117.8  1983   106.5  1947   113.8  2006   114.4  1938   129.5  1915   151.2  1924   145.2  2017   157.5  2013   152.0  1947   160.5  1959   385.2  1974   285.8  2015   352.3  1930   396.6  1968  1242.1  1950
   156.4  1994   127.9  1918   116.3  1963   104.4  1986   108.6  1931   113.9  1980   127.8  2017   150.3  1942   144.1  1968   154.4  1928   151.2  1944   158.5  2011   383.9  1966   284.6  1963   351.3  1946   395.9  1928  1238.6  1999
   153.5  1995   126.2  1928   114.4  1972   102.2  2002   107.3  2011   111.6  1935   126.4  1998   149.1  1928   143.2  1942   152.9  1981   149.3  1917   157.6  1932   381.7  1922   282.3  1979   349.4  1928   395.3  1998  1236.8  1981
   148.4  1921   124.6  1958   113.8  1980   102.2  2000   106.0  1954   109.1  2004   125.9  1957   144.2  1986   139.6  1957   151.6  1996   149.1  1928   154.6  1949   379.2  1928   275.8  2009   348.9  1936   392.6  2006  1232.7  1924
   144.5  1999   123.2  1922   113.7  1991   100.0  1998   105.3  1947   106.5  1947   124.5  1940   143.0  1934   136.5  2006   149.3  1968   147.3  1954   153.2  2000   376.8  1912   273.5  1940   345.6  1931   391.7  1970  1228.0  1920
   143.6  1920   122.7  1995   113.7  1982    98.0  1966   105.2  1969   104.2  2017   121.6  2008   142.2  1946   135.0  1935   148.0  1989   146.7  2010   152.8  1912   375.4  2002   271.9  2013   336.6  1998   390.2  1982  1223.4  2000
   142.4  1913   122.7  1915   110.9  1995    97.4  1932   104.8  2013   104.1  2011   119.9  2015   138.4  1979   133.3  1927   147.5  1935   143.3  1991   152.4  1994   374.4  1977   271.2  2005   335.6  1943   383.7  1979  1218.3  1958
   142.0  2015   118.9  1916   108.1  1987    96.6  1923   104.8  1997   101.9  1963   119.4  1937   135.8  2014   131.4  1980   147.0  2008   139.9  1969   148.6  1965   372.1  1960   270.0  1967   325.2  1938   383.4  1976  1209.1  1912
   141.6  1978   118.2  1954   107.4  2010    96.4  1999   103.0  1920   101.6  1965   117.9  1931   134.5  1960   131.0  2000   146.2  1988   139.2  1992   145.3  2014   370.4  2015   268.5  1989   325.2  1929   380.5  1950  1209.0  1960
   141.4  2013   117.0  1935   106.3  2017    93.8  1920   102.9  2005   101.0  1948   117.7  1956   132.4  1988   130.5  1970   145.7  1920   139.1  1970   145.0  1957   368.7  1988   264.6  1994   316.9  1988   376.3  2009  1203.7  1986
   141.2  1993   116.8  1988   105.2  1928    92.6  1924   102.6  1943    99.8  1927   116.8  1947   129.6  1958   127.6  1975   145.0  1929   138.7  1940   144.7  2013   364.7  1926   260.9  1996   303.8  1923   374.8  1930  1203.4  1967
   139.9  1990   113.5  1984   102.7  1921    91.8  2005   100.7  2009    99.6  1910   115.6  1942   126.5  1952   126.7  1923   144.3  1980   135.1  1914   144.7  1982   363.4  1925   260.4  1965   303.3  1992   374.3  2010  1196.8  1938
   139.6  1943   111.4  2000   102.1  1939    90.9  1994    99.9  1942    99.4  1987   114.8  1985   125.3  1957   125.9  1954   143.1  1949   133.7  1986   143.9  1980   361.6  1930   259.5  1917   296.4  1957   373.0  1923  1190.7  1942
   139.5  1952   110.8  2016   101.6  1913    89.2  1970    99.7  1917    99.3  1946   113.4  1945   124.6  2017   125.5  2011   140.7  1987   133.6  1929   142.6  1942   360.7  1970   257.8  1983   293.4  1948   365.5  1980  1187.0  1918
   137.3  1938   105.5  1989   101.5  1919    89.0  1959    98.0  1966    99.1  1991   113.3  1954   123.8  1951   124.5  1978   140.5  1964   133.2  1998   141.8  1958   360.3  1943   254.2  1961   292.9  1980   357.6  1940  1186.5  2012
   136.6  1969   103.6  1961   100.9  2015    86.7  1971    96.2  1979    97.2  1943   113.3  1922   123.7  1941   120.8  1976   140.3  1983   133.2  1941   141.3  1956   359.2  2008   251.8  1924   292.3  1922   355.1  2017  1185.5  1916
   136.5  1957   103.4  1911   100.4  1979    85.8  1979    94.9  1963    95.9  1971   113.3  1921   120.3  2015   120.5  1936   139.6  1934   131.0  1935   140.5  1983   356.3  1957   251.5  1942   290.6  1987   347.3  2008  1184.5  1992
   136.3  1976   102.6  1974   100.2  1920    85.2  1965    93.6  1913    94.4  1997   113.2  1912   120.1  1987   120.1  1961   137.4  1944   130.7  2006   139.8  1940   355.7  2007   244.8  1985   290.5  1927   347.0  1999  1181.7  1980
   136.1  2005   101.3  1926    98.8  1941    83.7  1972    90.9  2014    89.7  1972   111.0  1918   118.5  1962   118.8  2008   135.1  1979   130.4  1971   139.4  2006   354.8  1999   244.7  1991   288.1  1915   344.9  1990  1176.6  1931
   135.2  1965   101.1  1945    98.7  1965    83.2  1934    89.9  1996    89.0  2016   110.8  1993   118.0  1989   113.1  1988   134.8  1941   130.3  2011   138.6  1951   354.7  1967   238.3  1976   287.9  1965   341.8  1974  1174.8  1982
   134.5  2009   100.1  1931    96.3  1966    81.8  1935    85.2  1934    88.3  1936   109.7  1946   114.0  2004   111.3  1948   134.0  2014   129.4  1926   138.5  1955   350.0  2013   235.8  1914   287.6  1917   340.6  1916  1171.2  1994
   133.5  2004    99.9  1996    95.7  1954    81.5  1931    84.5  1955    87.4  1956   108.0  1930   112.9  2012   111.1  1983   133.2  2004   127.8  1977   138.5  1918   342.2  1913   233.9  1998   286.1  2004   339.6  1920  1170.4  1948
   132.4  1972    99.5  1950    92.8  1967    81.4  1949    83.9  1926    87.1  1981   107.0  1910   111.0  1996   110.6  2012   133.0  1940   127.6  1996   137.0  1997   341.4  2012   233.9  1934   285.9  2015   339.4  1984  1167.1  1993
   132.1  1968    98.7  1960    92.1  1964    80.3  1960    83.1  1983    87.0  1919   105.1  2012   111.0  1921   110.6  1965   130.1  1963   127.0  1959   135.9  1924   340.6  1949   232.7  1931   283.8  1951   337.7  1927  1165.8  1965
   130.0  1927    97.5  1980    91.6  1942    79.8  1977    83.1  1974    87.0  1913   105.0  2002   110.8  1922   110.5  1958   129.6  2005   126.4  1997   135.5  1954   339.9  1955   231.3  1932   282.2  2002   337.2  1946  1165.7  1979
   129.7  2007    95.9  1941    90.0  1985    78.8  2004    83.0  1973    86.0  2003   103.7  1925   110.7  1970   109.0  1955   128.1  1961   126.2  1918   135.0  1944   337.3  1980   229.1  1988   281.0  1990   333.8  1936  1162.3  1917
   128.8  1930    95.0  1955    89.9  2013    78.4  2016    82.2  1938    86.0  1944    99.8  1997   110.1  1964   107.6  1993   127.9  1982   124.3  1978   134.7  2012   336.6  1945   228.9  2003   280.9  1942   331.1  1934  1160.2  1930
   128.8  1919    95.0  1951    88.8  1957    77.3  2013    80.1  1958    84.4  1969    99.8  1920   110.1  1948   106.1  2004   127.9  1959   122.1  1911   132.2  1946   335.2  1935   227.3  1954   279.2  1963   321.4  2014  1159.3  1970
   128.3  1936    94.5  1912    87.5  1970    76.2  1917    79.3  1968    84.2  2013    99.4  1944   109.8  2001   105.9  1984   126.7  1966   121.6  1936   130.4  1921   331.4  1933   226.2  1968   279.1  1953   320.4  1996  1155.4  2006
   128.2  1946    94.1  1992    87.1  2004    76.1  1985    78.7  1985    80.9  1924    98.0  2016   106.7  1971   102.4  1913   125.9  1923   120.9  1965   127.9  1964   328.2  1946   225.5  1969   276.9  1945   320.2  1960  1151.0  1940
   128.1  1922    92.5  1939    87.1  1977    74.9  1915    76.5  1965    79.4  1964    97.1  1941   106.4  1963   101.8  1932   125.4  2006   120.4  1923   126.4  1974   328.1  1948   224.6  2000   275.2  1937   319.9  1961  1147.3  1944
   127.0  1983    90.3  1929    86.6  1976    74.7  2001    74.3  1918    77.2  1954    96.4  1959   105.1  1926   100.3  1956   125.1  1960   119.7  1946   126.0  1979   327.5  1981   223.3  1999   272.7  1954   318.8  1964  1145.3  2017
   126.9  2002    90.2  1982    86.2  1927    73.7  1990    73.6  1962    76.6  1985    96.0  1974   104.9  2000    99.1  1982   122.6  1918   118.8  1916   124.9  1923   325.9  1979   221.5  1964   272.1  1944   318.7  1965  1142.4  1946
   122.2  1962    89.3  1967    86.1  1968    73.4  1963    73.1  1961    75.9  2008    93.5  2003   104.8  1918    96.8  2016   122.0  1970   117.1  1972   124.2  1991   325.2  1961   220.6  2014   270.6  1971   318.4  1949  1138.7  2013
   121.2  1996    89.3  1933    86.0  1998    73.2  1911    71.5  2007    75.9  1968    93.1  1970   104.7  2007    96.4  1930   120.5  2012   116.7  1984   124.0  1910   324.0  1975   216.9  1922   267.5  1986   318.0  1988  1138.1  1936
   120.0  1998    88.7  1999    85.9  2014    73.1  2006    69.9  1932    74.5  1993    92.7  1951   104.0  1965    93.5  1919   116.8  1984   116.7  1973   123.1  1938   323.6  1950   215.3  1970   266.7  1970   318.0  1966  1137.0  1974
   118.7  1958    87.1  1946    83.7  1917    72.0  1969    69.2  1929    72.2  1960    92.2  1980   103.7  1967    92.4  1928   115.5  2009   116.7  1930   121.6  1998   322.6  1939   214.8  2004   266.0  1926   317.4  1924  1134.8  1985
   117.8  1944    86.6  2007    82.6  1951    71.4  1955    68.8  1933    71.5  1952    91.8  1926   103.1  1914    91.5  1953   115.4  1952   115.9  2003   121.4  1990   321.9  1983   214.7  1919   265.7  1934   315.1  1992  1132.1  1957
   117.7  1973    85.7  1940    81.4  2007    71.2  1943    67.5  1982    71.4  1933    91.2  1992   102.2  1927    91.2  1945   112.9  2001   114.8  1927   121.3  1952   321.5  1978   214.0  1950   265.2  1997   315.1  1987  1131.9  1978
   117.7  1924    83.1  2015    79.8  1959    69.6  2012    67.0  1964    70.8  1929    90.4  1929   101.8  1919    90.5  1992   112.7  1986   113.8  1974   120.0  1962   318.2  1931   213.1  1912   264.9  2014   314.4  2012  1124.4  1943
   116.0  1923    82.5  1969    76.5  2005    68.9  1937    65.5  1971    70.8  1920    88.5  1927    97.2  1973    89.8  1925   112.0  1945   112.7  1920   119.3  1936   317.9  1952   213.0  1945   264.2  1918   314.2  1991  1114.0  1910
   115.6  2012    81.2  1973    75.5  1984    68.7  1910    65.1  2000    69.6  1994    86.1  1967    95.4  1999    89.5  1964   109.8  1991   112.5  1960   119.3  1920   311.0  1969   212.7  1943   254.9  2016   313.0  1962  1113.5  1929
   115.1  1961    81.1  1972    73.8  2002    66.3  1975    63.8  1999    69.1  1926    84.0  1923    95.0  1961    89.4  2005   108.6  1977   111.2  1999   119.2  1969   308.7  1998   212.6  1923   254.9  1993   312.6  1977  1111.9  1934
   113.8  1980    79.9  1920    72.9  1948    65.7  1939    63.2  2017    68.3  1922    83.6  1933    94.8  1982    88.0  1987   107.9  1942   110.2  1966   118.6  1984   304.8  1918   212.3  1941   254.2  1966   311.9  1929  1105.6  1961
   113.1  1932    79.7  1949    72.2  2016    63.4  1944    63.1  1910    67.5  1999    82.4  1981    94.8  1915    86.1  1943   107.3  2017   110.2  1913   115.5  1922   303.9  2005   209.5  1949   250.4  1952   306.4  2015  1100.3  1963
   112.8  1960    78.6  1957    71.7  1933    62.5  1964    62.6  2012    67.3  1951    82.4  1965    94.4  1953    86.0  1937   107.3  1932   108.4  1921   114.0  1973   302.5  1914   209.0  2016   248.6  1920   305.9  1978  1099.3  1947
   110.7  1970    78.3  1971    71.7  1930    62.4  1919    62.3  1953    66.7  1917    82.4  1948    93.7  1998    85.9  1940   106.4  1957   107.4  1949   112.8  1945   301.5  1919   207.8  2010   248.2  1979   304.7  1975  1096.8  2007
   110.6  1977    78.1  1943    69.0  1936    61.6  1948    61.0  1941    66.4  1950    81.5  1973    93.6  1977    85.1  1995   101.3  1926   103.8  1912   112.3  2007   301.2  1954   205.4  1982   246.9  1932   303.2  1941  1096.2  1996
   109.7  1981    75.1  1978    68.9  1937    60.9  2015    60.9  1921    66.4  1939    81.3  1916    93.0  1937    85.1  1963   101.1  1921   103.2  1968   111.9  2005   299.3  1992   204.4  1959   246.7  2011   302.4  1926  1093.4  2004
   109.4  1955    74.9  2017    68.4  1993    60.9  1926    60.5  1949    66.0  1959    80.9  1911    91.7  2006    83.6  1998   100.8  1943   102.7  1953   111.7  1930   299.1  1942   203.9  1921   246.1  2010   302.0  2005  1088.0  1977
   108.8  1934    74.0  2013    68.4  1962    60.8  1968    58.5  2016    65.9  2001    79.8  1995    91.4  1990    82.7  1960   100.3  1950   102.6  2017   110.8  1967   298.8  1941   203.4  1997   243.9  1964   300.2  2004  1084.0  1968
   108.7  1947    73.9  1981    68.2  2001    60.0  1942    58.0  1957    63.8  1915    75.6  1986    91.2  1994    81.9  1947    93.4  1975    99.4  1967   107.7  2004   297.8  1951   202.9  1971   243.1  1939   300.1  1959  1080.5  1995
   108.2  2003    68.5  2003    67.6  1949    57.5  1973    57.4  1960    63.2  1930    75.0  1978    91.0  2005    81.3  1979    91.8  1936    95.1  1919   107.3  2017   297.1  1973   201.9  1995   238.6  2001   297.8  1939  1077.5  1914
   107.5  1982    68.5  1963    65.6  1934    57.1  2010    57.3  1944    62.9  1970    73.7  2013    89.0  1949    81.2  1966    91.2  1925    94.2  1994   106.4  1960   296.2  1921   201.0  1960   236.8  1982   296.4  1913  1075.4  1951
   106.9  1939    68.1  1948    65.5  1990    56.9  1983    57.1  1923    62.9  1937    73.2  1975    86.8  1980    81.2  1920    90.1  1948    93.3  1981   105.7  1928   293.5  1982   198.1  2017   235.9  1921   295.4  1931  1073.5  2005
   106.4  1931    68.0  2001    65.0  2009    56.1  1953    55.4  1914    61.9  1916    72.5  2014    86.8  1944    79.6  1922    89.6  1927    92.1  1943   104.7  1977   289.2  1936   197.9  2008   235.7  1947   295.3  1985  1073.1  1984
   104.4  1912    67.3  2012    64.0  1932    55.3  1962    54.6  1922    60.5  1978    71.8  1972    83.9  1974    78.6  1938    88.7  1912    90.6  1985   104.5  1925   288.7  1924   197.3  2011   235.5  1941   292.5  2013  1067.6  1926
   104.0  1915    64.5  1936    63.3  1960    54.9  1967    53.5  1995    60.4  2000    71.4  1961    82.2  1954    77.5  1973    87.2  1965    89.8  1980   104.2  1950   287.1  1968   197.2  1962   231.3  1967   292.1  1983  1062.4  1925
   103.7  1940    64.3  1987    63.1  1999    53.7  1951    52.5  1911    60.2  1984    71.2  1987    82.0  1978    76.2  1977    86.1  1911    89.8  1910   101.8  1976   286.7  2001   196.8  1987   230.2  1962   291.5  1947  1060.2  1927
   101.6  1991    63.5  1917    61.5  1975    53.4  1912    52.3  1948    58.9  2009    71.0  1996    80.6  1931    73.6  1994    85.4  1992    89.5  1924   100.7  1913   286.7  1996   196.8  1939   229.6  1994   288.7  1957  1057.3  1976
   100.5  1945    61.9  2010    58.9  1923    52.9  1928    51.2  1951    58.9  1989    70.9  1963    79.2  1916    73.0  1951    83.8  1913    88.7  1964    98.4  1985   284.6  1940   195.3  1977   229.1  1974   284.2  1932  1056.6  1913
    98.6  1951    61.0  1927    57.2  2000    52.6  2003    50.9  2001    58.7  1976    70.4  1949    78.0  1920    71.7  1926    83.6  1958    88.3  1990    98.1  1972   283.0  1938   195.0  1926   228.7  1996   280.5  1942  1054.8  1935
    97.6  1949    60.7  2008    57.0  1974    52.6  1914    50.8  1919    56.6  2014    70.1  2011    77.2  1968    69.0  2013    82.7  1933    87.6  2007    96.5  1931   280.6  2004   193.7  2001   223.6  1973   279.9  1948  1053.1  2016
    95.9  1956    60.1  2005    55.8  1996    52.5  1941    50.3  1990    55.6  2005    68.9  1994    74.4  1936    67.9  1949    81.8  1915    86.4  1987    96.4  1935   280.3  1956   193.0  1928   222.3  1916   279.1  1943  1053.1  1919
    95.6  1925    58.8  1962    54.4  2011    51.4  1945    48.9  2004    55.3  1911    68.8  1914    73.9  1966    66.3  1939    81.1  1956    86.2  1950    96.0  2003   280.2  1991   191.3  1978   221.9  1989   272.0  1951  1052.3  1922
    94.3  1916    57.3  1991    53.1  1950    51.3  1927    48.8  1992    55.2  1979    68.2  1934    72.7  1984    65.9  2003    80.9  1997    83.7  1975    95.9  1981   278.7  1987   189.4  1990   220.7  1972   265.1  1997  1050.6  1956
    94.1  1979    56.3  1942    52.9  1922    51.0  1930    48.8  1930    55.1  1977    68.0  2006    72.6  2011    65.8  1917    79.6  1955    83.2  2012    95.2  1939   278.0  1965   188.4  1933   219.0  1933   258.5  1955  1048.6  1949
    93.2  1910    55.2  1976    51.9  1956    48.4  1958    48.0  1998    54.5  1934    68.0  1971    72.6  1932    63.4  1931    76.7  1924    83.0  2005    95.1  1961   277.8  1911   187.9  1955   217.9  1935   257.1  1953  1047.1  2010
    90.8  1918    51.6  1998    51.6  1925    47.9  1933    47.6  1988    51.2  1983    66.5  1976    71.0  1997    61.1  1991    74.9  1939    82.3  2016    94.5  1937   276.0  1962   187.5  1951   217.6  1961   256.2  1986  1045.1  1991
    90.2  1954    51.1  2004    51.4  1997    47.5  1987    46.3  1936    51.2  1961    65.8  1943    69.7  1993    59.9  1952    73.3  1974    81.4  2008    93.4  1988   275.5  1989   187.0  1957   217.5  1978   254.3  1952  1043.2  1997
    89.1  1967    51.1  1938    50.7  1971    47.2  2008    43.8  1952    49.2  1974    64.8  1991    69.6  1938    58.1  2007    69.9  1931    79.5  1915    92.8  1953   274.5  1947   186.7  1948   216.6  1999   253.6  1973  1041.4  1962
    87.9  2010    50.2  1983    50.2  1926    47.2  1997    43.4  2010    48.9  1988    63.2  1990    69.0  1935    58.1  2001    69.4  2015    79.0  2001    92.0  1968   272.5  2011   181.7  2007   214.1  2013   253.0  1989  1037.8  1932
    84.5  1933    47.0  1913    49.5  1916    45.9  1981    42.8  1927    48.8  1962    63.1  2004    68.0  2016    57.8  1997    65.4  2010    79.0  1952    89.6  2002   266.3  2003   180.4  1910   211.8  1981   251.9  1958  1037.3  1945
    81.1  1992    46.8  2006    49.4  1952    44.0  1952    41.2  1987    48.8  1953    63.0  1928    67.1  1911    54.8  1989    65.3  1994    78.5  1948    87.7  1916   261.1  1986   180.2  1927   209.9  1914   251.8  1921  1037.2  1972
    80.6  1971    46.2  1924    48.8  1938    43.8  2014    40.9  1956    48.4  1918    62.9  2001    64.1  1933    48.7  1914    63.9  1971    77.0  1962    86.1  1917   258.4  1993   177.9  1937   208.5  1919   250.8  1911  1035.5  1937
    76.6  1989    45.9  1956    48.6  1910    43.1  1918    40.2  1937    47.6  1986    62.9  1962    63.9  1925    48.1  1990    63.6  1969    75.1  1932    85.5  1992   252.4  2009   177.0  1958   206.1  2000   250.1  2001  1034.3  1915
    74.8  1985    44.2  1968    48.5  2003    40.9  1988    39.0  1994    46.7  1996    61.2  1917    62.9  2010    46.4  2015    62.8  1953    74.0  1976    83.1  2001   247.5  1972   174.0  1973   203.3  1911   248.8  1956  1032.4  1939
    74.3  1966    39.8  1952    48.4  1958    40.3  1921    38.5  1970    45.7  2010    55.0  1966    59.2  1972    45.2  1959    60.4  1937    71.7  1961    81.0  1947   246.5  1929   171.5  1930   203.1  1991   247.1  1925  1007.2  1964
    70.8  1959    39.7  1953    48.3  1969    40.2  1957    37.4  1950    45.6  2015    54.7  1979    58.9  1969    42.6  1911    59.4  1973    69.9  1955    79.7  2008   242.8  1959   168.6  1974   202.7  1977   244.3  1969  1002.0  1989
    69.5  1950    38.9  1944    44.6  1946    38.9  1956    37.4  1912    45.3  1957    54.4  1964    57.3  2002    42.5  2002    57.6  1999    67.4  1956    79.4  1943   237.5  1997   168.1  1980   202.5  2003   242.8  1919  1000.0  1969
    68.4  1917    38.5  1964    43.2  1945    37.5  1995    35.6  1959    44.9  1973    54.3  1984    56.1  2013    42.4  1921    57.5  1947    66.2  1925    78.3  2016   236.1  1944   168.1  1911   198.7  1959   234.8  1971   998.9  1921
    66.7  2011    38.2  2009    42.7  1931    36.9  1929    35.5  1940    43.6  1932    54.0  1977    53.5  1975    41.3  1996    57.0  1978    66.1  2013    77.2  2009   235.1  1927   157.7  2012   196.2  2006   234.4  2003   988.6  1987
    65.5  2001    37.6  1985    42.4  1911    35.6  2011    35.1  1980    41.6  1967    53.8  1999    46.8  1939    40.9  1969    56.8  2007    60.9  2004    76.5  1989   233.2  1976   153.0  1935   192.9  1968   233.1  1994   979.0  1955
    64.0  1914    35.7  1975    40.8  1935    35.3  1978    34.9  1928    40.0  1992    52.5  1952    44.3  1945    40.8  2009    56.8  1972    60.6  1993    71.8  1987   231.0  1985   153.0  1918   192.3  2005   233.0  1945   976.1  1983
    63.8  2000    34.2  1919    38.9  1943    33.4  1976    33.6  1915    40.0  1923    48.6  1969    42.4  1981    40.6  1915    54.3  1919    58.7  1988    69.1  2010   227.9  1963   148.6  1975   191.9  1969   231.1  1914   973.9  1941
    63.1  1941    33.6  1947    36.9  1961    30.6  1984    33.0  1946    37.9  1914    45.7  2005    39.3  1991    40.5  1971    52.7  2003    57.8  1958    65.5  1995   227.0  2010   145.2  1944   190.8  1940   224.4  2016   964.7  1959
    57.0  1935    31.6  1993    35.6  1918    28.8  2007    32.9  1989    36.5  2006    45.0  1989    36.3  1959    35.2  1941    51.9  1962    57.6  1922    65.1  1996   219.6  1917   143.7  1915   189.8  1955   224.0  1912   964.1  1973
    56.6  1964    31.3  1979    35.2  1915    28.7  1946    32.0  1978    36.5  1940    43.7  1913    34.1  1983    33.3  1929    48.4  1985    50.2  1989    64.0  1941   214.4  1932   143.2  1936   188.8  1949   209.4  1993   953.9  1911
    53.3  2017    30.2  1959    33.5  1973    28.6  2017    30.4  1935    32.7  1995    41.5  1955    32.8  1913    32.6  1916    47.5  1910    45.3  1937    60.7  1927   210.2  2006   139.3  1938   188.1  1925   202.5  2007   942.5  1952
    51.5  2006    28.5  1921    32.6  1924    28.5  1974    29.0  1939    32.0  1975    40.8  2000    32.5  1955    32.0  1910    47.3  1914    43.1  1933    60.3  1933   206.5  2017   137.2  1952   187.2  1984   201.8  1915   938.6  2003
    50.5  1929    21.1  1930    31.9  1955    27.9  1936    28.4  1977    29.4  1949    39.9  1968    29.7  1940    31.5  1912    45.3  2016    42.7  1957    44.1  1970   202.9  1971   134.8  1953   163.4  1913   191.7  1937   901.1  1971
    50.5  1911    14.9  1965    25.5  2012    25.6  1954    22.6  1984    20.5  1925    37.3  1935    23.0  2003    17.2  1933    41.2  1993    40.6  1983    44.1  1926   201.0  1953   131.7  1956   158.6  1975   188.6  1972   899.0  2001
    50.1  1987    11.3  1934    24.5  1944    24.3  1982    20.7  1975    14.9  1942    23.3  1983    17.2  1976    14.8  1972    39.1  1922    34.6  1934    41.7  1975   180.4  1934   128.6  1984   142.4  1976   176.3  1922   851.2  1975
    40.0  1953     5.6  1986    17.8  1929    19.2  1980    18.7  2008    14.6  1941    21.2  1982    13.8  1995     9.7  2014    37.1  1946    29.7  1945    33.9  1971   124.2  1964   123.9  1929   126.2  1995   169.3  1910   843.4  1953
    39.4  1963     4.8  1932    16.4  1953     8.2  1938    11.3  1991    11.5  1921    19.7  1919    12.4  1947     9.7  1986    34.2  1951    29.4  1942    29.1  1963                 106.3  1946   108.5  1983   143.0  1933   784.6  1933
    31.6  1997
